   9.99999978E-03   40.0000000    
   1.99999996E-02   40.0000000    
   2.99999993E-02   40.0000000    
   3.99999991E-02   40.0000000    
   4.99999970E-02   40.0000000    
   5.99999987E-02   40.0000000    
   7.00000003E-02   40.0000000    
   7.99999982E-02   40.0000000    
   8.99999961E-02   40.0000000    
   9.99999940E-02   40.0000000    
  0.109999999       40.0000000    
  0.119999997       40.0000000    
  0.129999995       40.0000000    
  0.140000001       40.0000000    
  0.149999991       40.0000000    
  0.159999996       40.0000000    
  0.170000002       40.0000000    
  0.179999992       40.0000000    
  0.189999998       40.0000000    
  0.199999988       40.0000000    
  0.209999993       40.0000000    
  0.219999999       40.0000000    
  0.229999989       40.0000000    
  0.239999995       40.0000000    
  0.250000000       40.0000000    
  0.259999990       40.0000000    
  0.269999981       40.0000000    
  0.280000001       40.0000000    
  0.289999992       40.0000000    
  0.299999982       40.0000000    
  0.310000002       40.0000000    
  0.319999993       40.0000000    
  0.329999983       40.0000000    
  0.340000004       40.0000000    
  0.349999994       40.0000000    
  0.359999985       40.0000000    
  0.370000005       40.0000000    
  0.379999995       40.0000000    
  0.389999986       40.0000000    
  0.399999976       40.0000000    
  0.409999996       40.0000000    
  0.419999987       40.0000000    
  0.429999977       40.0000000    
  0.439999998       40.0000000    
  0.449999988       40.0000000    
  0.459999979       40.0000000    
  0.469999999       40.0000000    
  0.479999989       40.0000000    
  0.489999980       40.0000000    
  0.500000000       40.0000000    
  0.509999990       40.0000000    
  0.519999981       40.0000000    
  0.529999971       40.0000000    
  0.539999962       40.0000000    
  0.550000012       40.0000000    
  0.560000002       40.0000000    
  0.569999993       40.0000000    
  0.579999983       40.0000000    
  0.589999974       40.0000000    
  0.599999964       40.0000000    
  0.610000014       40.0000000    
  0.620000005       40.0000000    
  0.629999995       40.0000000    
  0.639999986       40.0000000    
  0.649999976       40.0000000    
  0.659999967       40.0000000    
  0.669999957       40.0000000    
  0.680000007       40.0000000    
  0.689999998       40.0000000    
  0.699999988       40.0000000    
  0.709999979       40.0000000    
  0.719999969       40.0000000    
  0.729999959       40.0000000    
  0.740000010       40.0000000    
  0.750000000       40.0000000    
  0.759999990       40.0000000    
  0.769999981       40.0000000    
  0.779999971       40.0000000    
  0.789999962       40.0000000    
  0.799999952       40.0000000    
  0.810000002       40.0000000    
  0.819999993       40.0000000    
  0.829999983       40.0000000    
  0.839999974       40.0000000    
  0.849999964       40.0000000    
  0.859999955       40.0000000    
  0.870000005       40.0000000    
  0.879999995       40.0000000    
  0.889999986       40.0000000    
  0.899999976       40.0000000    
  0.909999967       40.0000000    
  0.919999957       40.0000000    
  0.930000007       40.0000000    
  0.939999998       40.0000000    
  0.949999988       40.0000000    
  0.959999979       40.0000000    
  0.969999969       40.0000000    
  0.979999959       40.0000000    
  0.989999950       40.0000000    
   1.00000000       40.0000000    
   1.00999999       40.0000000    
   1.01999998       40.0000000    
   1.02999997       40.0000000    
   1.03999996       40.0000000    
   1.04999995       40.0000000    
   1.05999994       40.0000000    
   1.06999993       40.0000000    
   1.07999992       40.0000000    
   1.09000003       40.0000000    
   1.10000002       40.0000000    
   1.11000001       40.0000000    
   1.12000000       40.0000000    
   1.13000000       40.0000000    
   1.13999999       40.0000000    
   1.14999998       40.0000000    
   1.15999997       40.0000000    
   1.16999996       40.0000000    
   1.17999995       37.6328163    
   1.18999994       40.6190338    
   1.19999993       39.4601097    
   1.20999992       36.5203018    
   1.22000003       39.5675621    
   1.23000002       39.5675621    
   1.24000001       39.5675621    
   1.25000000       39.5675621    
   1.25999999       39.5675621    
   1.26999998       39.5675621    
   1.27999997       39.5675621    
   1.28999996       39.5675621    
   1.29999995       39.5675621    
   1.30999994       39.5675621    
   1.31999993       39.5675621    
   1.32999992       39.5675621    
   1.33999991       39.5675621    
   1.35000002       39.5675621    
   1.36000001       39.5675621    
   1.37000000       39.5675621    
   1.38000000       39.5675621    
   1.38999999       39.5675621    
   1.39999998       39.5675621    
   1.40999997       39.5675621    
   1.41999996       39.5675621    
   1.42999995       39.5675621    
   1.43999994       39.5675621    
   1.44999993       39.5675621    
   1.45999992       39.5675621    
   1.46999991       39.5675621    
   1.48000002       39.5675621    
   1.49000001       39.5675621    
   1.50000000       39.5675621    
   1.50999999       39.5675621    
   1.51999998       39.5675621    
   1.52999997       39.5675621    
   1.53999996       39.5675621    
   1.54999995       39.5675621    
   1.55999994       39.5675621    
   1.56999993       39.5675621    
   1.57999992       39.5675621    
   1.58999991       39.5675621    
   1.59999990       39.5675621    
   1.61000001       39.5675621    
   1.62000000       39.5675621    
   1.63000000       39.5675621    
   1.63999999       39.5675621    
   1.64999998       39.5675621    
   1.65999997       39.5675621    
   1.66999996       39.5675621    
   1.67999995       39.5675621    
   1.68999994       39.5675621    
   1.69999993       39.5675621    
   1.70999992       39.5675621    
   1.71999991       39.5675621    
   1.73000002       39.5675621    
   1.74000001       39.5675621    
   1.75000000       39.5675621    
   1.75999999       39.5675621    
   1.76999998       39.5675621    
   1.77999997       39.5675621    
   1.78999996       39.5675621    
   1.79999995       39.5675621    
   1.80999994       39.5675621    
   1.81999993       38.1518440    
   1.82999992       39.3413696    
   1.83999991       39.2928810    
   1.84999990       38.1052322    
   1.86000001       39.5495110    
   1.87000000       39.5495110    
   1.88000000       39.5495110    
   1.88999999       39.5495110    
   1.89999998       39.5495110    
   1.90999997       39.5495110    
   1.91999996       39.5495110    
   1.92999995       39.5495110    
   1.93999994       39.5495110    
   1.94999993       39.5495110    
   1.95999992       39.5495110    
   1.96999991       39.5495110    
   1.97999990       39.5495110    
   1.99000001       39.5495110    
   2.00000000       39.5495110    
   2.00999999       39.5495110    
   2.01999998       39.5495110    
   2.02999997       39.5495110    
   2.03999996       39.5495110    
   2.04999995       39.5495110    
   2.05999994       39.5495110    
   2.06999993       39.5495110    
   2.07999992       39.5495110    
   2.08999991       39.5495110    
   2.09999990       39.5495110    
   2.10999990       39.5495110    
   2.11999989       39.5495110    
   2.12999988       39.5495110    
   2.13999987       39.5495110    
   2.14999986       39.5495110    
   2.15999985       39.5495110    
   2.16999984       39.5495110    
   2.18000007       39.5495110    
   2.19000006       39.5495110    
   2.20000005       39.5495110    
   2.21000004       39.5495110    
   2.22000003       39.5495110    
   2.23000002       39.5495110    
   2.24000001       39.5495110    
   2.25000000       39.5495110    
   2.25999999       39.5495110    
   2.26999998       39.5495110    
   2.27999997       39.5495110    
   2.28999996       39.5495110    
   2.29999995       39.5495110    
   2.30999994       39.5495110    
   2.31999993       39.5495110    
   2.32999992       39.5495110    
   2.33999991       39.5495110    
   2.34999990       39.5495110    
   2.35999990       39.5495110    
   2.36999989       39.5495110    
   2.37999988       39.5495110    
   2.38999987       39.5495110    
   2.39999986       39.5495110    
   2.40999985       39.5495110    
   2.41999984       39.5495110    
   2.42999983       39.5495110    
   2.44000006       39.5495110    
   2.45000005       39.5495110    
   2.46000004       39.5495110    
   2.47000003       39.5495110    
   2.48000002       39.5495110    
   2.49000001       39.5495110    
   2.50000000       39.5495110    
   2.50999999       39.5495110    
   2.51999998       39.5495110    
   2.52999997       39.5495110    
   2.53999996       36.9002991    
   2.54999995       39.7879410    
   2.55999994       41.1983566    
   2.56999993       38.2542877    
   2.57999992       40.0760574    
   2.58999991       40.0760574    
   2.59999990       40.0760574    
   2.60999990       40.0760574    
   2.61999989       40.0760574    
   2.62999988       40.0760574    
   2.63999987       40.0760574    
   2.64999986       40.0760574    
   2.65999985       40.0760574    
   2.66999984       40.0760574    
   2.67999983       40.0760574    
   2.69000006       40.0760574    
   2.70000005       40.0760574    
   2.71000004       40.0760574    
   2.72000003       40.0760574    
   2.73000002       40.0760574    
   2.74000001       40.0760574    
   2.75000000       40.0760574    
   2.75999999       40.0760574    
   2.76999998       40.0760574    
   2.77999997       40.0760574    
   2.78999996       40.0760574    
   2.79999995       40.0760574    
   2.80999994       40.0760574    
   2.81999993       40.0760574    
   2.82999992       40.0760574    
   2.83999991       40.0760574    
   2.84999990       40.0760574    
   2.85999990       40.0760574    
   2.86999989       40.0760574    
   2.87999988       40.0760574    
   2.88999987       40.0760574    
   2.89999986       40.0760574    
   2.90999985       40.0760574    
   2.91999984       40.0760574    
   2.92999983       40.0760574    
   2.93999982       40.0760574    
   2.95000005       40.0760574    
   2.96000004       40.0760574    
   2.97000003       40.0760574    
   2.98000002       40.0760574    
   2.99000001       40.0760574    
   3.00000000       40.0760574    
   3.00999999       40.0760574    
   3.01999998       40.0760574    
   3.02999997       40.0760574    
   3.03999996       40.0760574    
   3.04999995       40.0760574    
   3.05999994       40.0760574    
   3.06999993       40.0760574    
   3.07999992       40.0760574    
   3.08999991       40.0760574    
   3.09999990       40.0760574    
   3.10999990       40.0760574    
   3.11999989       40.0760574    
   3.12999988       40.0760574    
   3.13999987       40.0760574    
   3.14999986       40.0760574    
   3.15999985       40.0760574    
   3.16999984       40.0760574    
   3.17999983       40.0760574    
   3.18999982       40.0760574    
   3.19999981       40.0760574    
   3.21000004       40.0760574    
   3.22000003       40.0760574    
   3.23000002       40.0760574    
   3.24000001       40.0760574    
   3.25000000       40.0760574    
   3.25999999       40.0760574    
   3.26999998       40.0760574    
   3.27999997       40.0760574    
   3.28999996       40.0760574    
   3.29999995       40.0760574    
   3.30999994       40.0760574    
   3.31999993       40.0760574    
   3.32999992       40.0760574    
   3.33999991       40.0760574    
   3.34999990       40.0760574    
   3.35999990       40.0760574    
   3.36999989       40.0760574    
   3.37999988       40.0760574    
   3.38999987       40.0760574    
   3.39999986       40.0760574    
   3.40999985       40.0760574    
   3.41999984       40.0760574    
   3.42999983       40.0760574    
   3.43999982       40.0760574    
   3.44999981       40.0760574    
   3.46000004       40.0760574    
   3.47000003       40.0760574    
   3.48000002       40.0760574    
   3.49000001       40.0760574    
   3.50000000       40.0760574    
   3.50999999       40.0760574    
   3.51999998       40.0760574    
   3.52999997       40.0760574    
   3.53999996       40.0760574    
   3.54999995       40.0760574    
   3.55999994       40.0760574    
   3.56999993       40.0760574    
   3.57999992       40.0760574    
   3.58999991       40.0760574    
   3.59999990       40.0760574    
   3.60999990       40.0760574    
   3.61999989       40.0760574    
   3.62999988       40.0760574    
   3.63999987       40.0760574    
   3.64999986       40.0760574    
   3.65999985       40.0760574    
   3.66999984       40.0760574    
   3.67999983       40.0760574    
   3.68999982       40.0760574    
   3.69999981       40.0760574    
   3.70999980       40.0760574    
   3.72000003       40.0760574    
   3.73000002       40.0760574    
   3.74000001       40.0760574    
   3.75000000       40.0760574    
   3.75999999       40.0760574    
   3.76999998       40.0760574    
   3.77999997       40.0760574    
   3.78999996       40.0760574    
   3.79999995       40.0760574    
   3.80999994       40.0760574    
   3.81999993       40.0760574    
   3.82999992       40.0760574    
   3.83999991       40.0760574    
   3.84999990       40.0760574    
   3.85999990       40.0760574    
   3.86999989       40.0760574    
   3.87999988       40.0760574    
   3.88999987       40.0760574    
   3.89999986       40.8969688    
   3.90999985       43.5815125    
   3.91999984       41.3118668    
   3.92999983       38.7179298    
   3.93999982       39.2287254    
   3.94999981       39.2287254    
   3.95999980       39.2287254    
   3.97000003       39.2287254    
   3.98000002       38.1594658    
   3.99000001       39.2894783    
   4.00000000       39.8176842    
   4.00999975       38.6665459    
   4.01999998       39.4259224    
   4.02999973       39.4259224    
   4.03999996       39.4259224    
   4.04999971       39.4259224    
   4.05999994       39.4259224    
   4.06999969       39.4259224    
   4.07999992       39.4259224    
   4.08999968       39.4259224    
   4.09999990       39.4259224    
   4.11000013       39.4259224    
   4.11999989       39.4259224    
   4.13000011       39.4259224    
   4.13999987       39.4259224    
   4.15000010       39.4259224    
   4.15999985       39.4259224    
   4.17000008       39.4259224    
   4.17999983       39.4259224    
   4.19000006       39.4259224    
   4.19999981       39.4259224    
   4.21000004       39.4259224    
   4.21999979       39.4259224    
   4.23000002       39.4259224    
   4.23999977       39.4259224    
   4.25000000       39.4259224    
   4.25999975       39.4259224    
   4.26999998       39.4259224    
   4.27999973       39.4259224    
   4.28999996       39.4259224    
   4.29999971       39.4259224    
   4.30999994       39.4259224    
   4.31999969       39.4259224    
   4.32999992       39.4259224    
   4.33999968       39.4259224    
   4.34999990       39.4259224    
   4.36000013       39.4259224    
   4.36999989       39.4259224    
   4.38000011       39.4259224    
   4.38999987       39.4259224    
   4.40000010       39.4259224    
   4.40999985       39.4259224    
   4.42000008       39.4259224    
   4.42999983       39.4259224    
   4.44000006       39.4259224    
   4.44999981       39.4259224    
   4.46000004       39.4259224    
   4.46999979       39.4259224    
   4.48000002       39.4259224    
   4.48999977       39.4259224    
   4.50000000       39.4259224    
   4.50999975       39.4259224    
   4.51999998       39.4259224    
   4.52999973       39.4259224    
   4.53999996       39.4259224    
   4.54999971       39.4259224    
   4.55999994       39.4259224    
   4.56999969       39.4259224    
   4.57999992       39.4259224    
   4.58999968       39.4259224    
   4.59999990       39.4259224    
   4.61000013       39.4259224    
   4.61999989       39.4259224    
   4.63000011       39.4259224    
   4.63999987       39.4259224    
   4.65000010       39.4259224    
   4.65999985       39.4259224    
   4.67000008       39.4259224    
   4.67999983       39.4259224    
   4.69000006       39.4259224    
   4.69999981       39.4259224    
   4.71000004       39.4259224    
   4.71999979       39.4259224    
   4.73000002       39.4259224    
   4.73999977       39.4259224    
   4.75000000       39.4259224    
   4.75999975       39.4259224    
   4.76999998       39.4259224    
   4.77999973       39.4259224    
   4.78999996       39.4259224    
   4.79999971       39.4259224    
   4.80999994       39.4259224    
   4.81999969       39.4259224    
   4.82999992       39.4259224    
   4.83999968       39.4259224    
   4.84999990       39.4259224    
   4.85999966       39.4259224    
   4.86999989       39.4259224    
   4.88000011       39.4259224    
   4.88999987       39.4259224    
   4.90000010       39.4259224    
   4.90999985       39.4259224    
   4.92000008       39.4259224    
   4.92999983       39.4259224    
   4.94000006       39.4259224    
   4.94999981       39.4259224    
   4.96000004       39.4259224    
   4.96999979       39.4259224    
   4.98000002       39.4259224    
   4.98999977       39.4259224    
   5.00000000       39.4259224    
   5.00999975       39.4259224    
   5.01999998       39.4259224    
   5.02999973       39.4259224    
   5.03999996       39.4259224    
   5.04999971       39.4259224    
   5.05999994       39.4259224    
   5.06999969       39.4259224    
   5.07999992       39.4259224    
   5.08999968       39.4259224    
   5.09999990       39.4259224    
   5.10999966       39.4259224    
   5.11999989       39.4259224    
   5.13000011       39.4259224    
   5.13999987       39.4259224    
   5.15000010       39.4259224    
   5.15999985       39.4259224    
   5.17000008       39.4259224    
   5.17999983       39.4259224    
   5.19000006       39.4259224    
   5.19999981       39.4259224    
   5.21000004       39.4259224    
   5.21999979       39.4259224    
   5.23000002       39.4259224    
   5.23999977       39.4259224    
   5.25000000       39.4259224    
   5.25999975       39.4259224    
   5.26999998       36.8134766    
   5.27999973       39.7499313    
   5.28999996       38.7805405    
   5.29999971       35.8828621    
   5.30999994       39.0640182    
   5.31999969       39.0640182    
   5.32999992       39.0640182    
   5.33999968       39.0640182    
   5.34999990       39.0640182    
   5.35999966       39.0640182    
   5.36999989       39.0640182    
   5.38000011       39.0640182    
   5.38999987       39.0640182    
   5.40000010       39.0640182    
   5.40999985       39.0640182    
   5.42000008       39.0640182    
   5.42999983       39.0640182    
   5.44000006       39.0640182    
   5.44999981       39.0640182    
   5.46000004       39.0640182    
   5.46999979       39.0640182    
   5.48000002       39.0640182    
   5.48999977       39.0640182    
   5.50000000       39.0640182    
   5.50999975       39.0640182    
   5.51999998       39.0640182    
   5.52999973       39.0640182    
   5.53999996       39.0640182    
   5.54999971       39.0640182    
   5.55999994       39.0640182    
   5.56999969       39.0640182    
   5.57999992       39.0640182    
   5.58999968       39.0640182    
   5.59999990       39.0640182    
   5.60999966       39.0640182    
   5.61999989       39.0640182    
   5.62999964       39.0640182    
   5.63999987       39.0640182    
   5.65000010       39.0640182    
   5.65999985       39.0640182    
   5.67000008       39.0640182    
   5.67999983       39.0640182    
   5.69000006       39.0640182    
   5.69999981       39.0640182    
   5.71000004       39.0640182    
   5.71999979       39.0640182    
   5.73000002       39.0640182    
   5.73999977       39.0640182    
   5.75000000       39.0640182    
   5.75999975       39.0640182    
   5.76999998       39.0640182    
   5.77999973       39.0640182    
   5.78999996       39.0640182    
   5.79999971       39.0640182    
   5.80999994       39.0640182    
   5.81999969       39.0640182    
   5.82999992       39.0640182    
   5.83999968       39.0640182    
   5.84999990       39.0640182    
   5.85999966       39.0640182    
   5.86999989       39.0640182    
   5.87999964       39.0640182    
   5.88999987       39.0640182    
   5.90000010       39.0640182    
   5.90999985       39.0640182    
   5.92000008       39.0640182    
   5.92999983       39.0640182    
   5.94000006       39.0640182    
   5.94999981       39.0640182    
   5.96000004       39.0640182    
   5.96999979       39.0640182    
   5.98000002       39.0640182    
   5.98999977       39.0640182    
   6.00000000       39.0640182    
   6.00999975       39.0640182    
   6.01999998       39.0640182    
   6.02999973       39.0640182    
   6.03999996       39.0640182    
   6.04999971       39.0640182    
   6.05999994       39.0640182    
   6.06999969       39.0640182    
   6.07999992       39.0640182    
   6.08999968       39.0640182    
   6.09999990       39.0640182    
   6.10999966       39.0640182    
   6.11999989       39.0640182    
   6.12999964       38.5750542    
   6.13999987       39.7001801    
   6.15000010       39.0656700    
   6.15999985       37.9659081    
   6.17000008       38.8270874    
   6.17999983       38.8270874    
   6.19000006       38.8270874    
   6.19999981       38.8270874    
   6.21000004       38.8270874    
   6.21999979       38.8270874    
   6.23000002       38.8270874    
   6.23999977       38.8270874    
   6.25000000       38.8270874    
   6.25999975       38.8270874    
   6.26999998       38.8270874    
   6.27999973       38.8270874    
   6.28999996       38.8270874    
   6.29999971       38.8270874    
   6.30999994       38.8270874    
   6.31999969       38.8270874    
   6.32999992       38.8270874    
   6.33999968       38.8270874    
   6.34999990       38.8270874    
   6.35999966       38.8270874    
   6.36999989       38.8270874    
   6.37999964       38.8270874    
   6.38999987       38.8270874    
   6.39999962       38.8270874    
   6.40999985       38.8270874    
   6.42000008       38.8270874    
   6.42999983       38.8270874    
   6.44000006       38.8270874    
   6.44999981       38.8270874    
   6.46000004       38.8270874    
   6.46999979       38.8270874    
   6.48000002       38.8270874    
   6.48999977       38.8270874    
   6.50000000       38.8270874    
   6.50999975       38.8270874    
   6.51999998       38.8270874    
   6.52999973       38.8270874    
   6.53999996       38.8270874    
   6.54999971       38.8270874    
   6.55999994       38.8270874    
   6.56999969       38.8270874    
   6.57999992       38.8270874    
   6.58999968       38.8270874    
   6.59999990       38.8270874    
   6.60999966       38.8270874    
   6.61999989       38.8270874    
   6.62999964       38.8270874    
   6.63999987       38.8270874    
   6.64999962       35.4624443    
   6.65999985       38.4270477    
   6.67000008       38.0540962    
   6.67999983       35.1046295    
   6.69000006       38.6881981    
   6.69999981       38.6881981    
   6.71000004       38.6881981    
   6.71999979       38.6881981    
   6.73000002       38.6881981    
   6.73999977       38.6881981    
   6.75000000       38.6881981    
   6.75999975       38.6881981    
   6.76999998       38.6881981    
   6.77999973       38.6881981    
   6.78999996       38.6881981    
   6.79999971       38.6881981    
   6.80999994       38.6881981    
   6.81999969       38.6881981    
   6.82999992       38.6881981    
   6.83999968       38.6881981    
   6.84999990       38.6881981    
   6.85999966       38.6881981    
   6.86999989       38.6881981    
   6.87999964       38.6881981    
   6.88999987       38.6881981    
   6.89999962       38.6881981    
   6.90999985       38.6881981    
   6.92000008       38.6881981    
   6.92999983       38.6881981    
   6.94000006       38.6881981    
   6.94999981       38.6881981    
   6.96000004       38.6881981    
   6.96999979       38.6881981    
   6.98000002       38.6881981    
   6.98999977       38.6881981    
   7.00000000       38.6881981    
   7.00999975       38.6881981    
   7.01999998       38.6881981    
   7.02999973       38.6881981    
   7.03999996       38.6881981    
   7.04999971       38.6881981    
   7.05999994       38.6881981    
   7.06999969       38.6881981    
   7.07999992       38.6881981    
   7.08999968       38.6881981    
   7.09999990       38.6881981    
   7.10999966       38.6881981    
   7.11999989       38.6881981    
   7.12999964       38.6881981    
   7.13999987       38.6881981    
   7.14999962       38.6881981    
   7.15999985       38.6881981    
   7.17000008       38.6881981    
   7.17999983       38.6881981    
   7.19000006       38.6881981    
   7.19999981       38.6881981    
   7.21000004       38.6881981    
   7.21999979       38.6881981    
   7.23000002       38.6881981    
   7.23999977       38.6881981    
   7.25000000       38.6881981    
   7.25999975       38.6881981    
   7.26999998       38.6881981    
   7.27999973       38.6881981    
   7.28999996       38.6881981    
   7.29999971       38.6881981    
   7.30999994       38.6881981    
   7.31999969       38.6881981    
   7.32999992       38.6881981    
   7.33999968       38.6881981    
   7.34999990       38.6881981    
   7.35999966       38.6881981    
   7.36999989       38.6881981    
   7.37999964       38.6881981    
   7.38999987       38.6881981    
   7.39999962       38.6881981    
   7.40999985       38.6881981    
   7.41999960       38.6881981    
   7.42999983       38.6881981    
   7.44000006       38.6881981    
   7.44999981       38.6881981    
   7.46000004       38.6881981    
   7.46999979       38.6881981    
   7.48000002       38.6881981    
   7.48999977       38.6881981    
   7.50000000       38.6881981    
   7.50999975       38.6881981    
   7.51999998       38.6881981    
   7.52999973       38.6881981    
   7.53999996       38.6881981    
   7.54999971       38.6881981    
   7.55999994       38.6881981    
   7.56999969       38.6881981    
   7.57999992       38.6881981    
   7.58999968       38.6881981    
   7.59999990       38.6881981    
   7.60999966       38.6881981    
   7.61999989       38.6881981    
   7.62999964       38.6881981    
   7.63999987       38.6881981    
   7.64999962       38.6881981    
   7.65999985       38.6881981    
   7.66999960       38.6881981    
   7.67999983       38.6881981    
   7.69000006       38.6881981    
   7.69999981       38.6881981    
   7.71000004       38.6881981    
   7.71999979       38.6881981    
   7.73000002       38.6881981    
   7.73999977       38.6881981    
   7.75000000       38.6881981    
   7.75999975       38.6881981    
   7.76999998       38.6881981    
   7.77999973       38.6881981    
   7.78999996       38.6881981    
   7.79999971       38.6881981    
   7.80999994       38.6881981    
   7.81999969       38.6881981    
   7.82999992       38.6881981    
   7.83999968       38.6881981    
   7.84999990       38.6881981    
   7.85999966       38.6881981    
   7.86999989       38.6881981    
   7.87999964       38.6881981    
   7.88999987       38.6881981    
   7.89999962       38.6881981    
   7.90999985       38.6881981    
   7.91999960       38.6881981    
   7.92999983       38.6881981    
   7.94000006       38.6881981    
   7.94999981       38.6881981    
   7.96000004       38.6881981    
   7.96999979       38.6881981    
   7.98000002       38.6881981    
   7.98999977       38.6881981    
   8.00000000       38.6881981    
   8.01000023       38.6881981    
   8.01999950       38.6881981    
   8.02999973       37.2735367    
   8.03999996       39.9325485    
   8.05000019       41.8366241    
   8.05999947       39.1014404    
   8.06999969       39.3990479    
   8.07999992       39.3990479    
   8.09000015       39.3990479    
   8.09999943       39.3990479    
   8.10999966       39.3990479    
   8.11999989       39.3990479    
   8.13000011       39.3990479    
   8.13999939       39.3990479    
   8.14999962       39.3990479    
   8.15999985       39.3990479    
   8.17000008       39.3990479    
   8.17999935       39.3990479    
   8.18999958       39.3990479    
   8.19999981       39.3990479    
   8.21000004       39.3990479    
   8.22000027       39.3990479    
   8.22999954       39.3990479    
   8.23999977       39.3990479    
   8.25000000       39.3990479    
   8.26000023       39.3990479    
   8.26999950       39.3990479    
   8.27999973       39.3990479    
   8.28999996       38.6942596    
   8.30000019       39.7745667    
   8.30999947       40.4792709    
   8.31999969       39.3707733    
   8.32999992       39.6621361    
   8.34000015       39.6621361    
   8.34999943       39.6621361    
   8.35999966       39.6621361    
   8.36999989       39.6621361    
   8.38000011       39.6621361    
   8.38999939       39.6621361    
   8.39999962       39.6621361    
   8.40999985       39.6621361    
   8.42000008       39.6621361    
   8.42999935       39.6621361    
   8.43999958       39.6621361    
   8.44999981       39.6621361    
   8.46000004       39.6621361    
   8.47000027       39.6621361    
   8.47999954       39.6621361    
   8.48999977       39.6621361    
   8.50000000       39.6621361    
   8.51000023       39.6621361    
   8.51999950       39.6621361    
   8.52999973       39.6621361    
   8.53999996       39.6621361    
   8.55000019       39.6621361    
   8.55999947       39.6621361    
   8.56999969       39.6621361    
   8.57999992       39.6621361    
   8.59000015       39.6621361    
   8.59999943       39.6621361    
   8.60999966       39.6621361    
   8.61999989       39.6621361    
   8.63000011       39.6621361    
   8.63999939       39.6621361    
   8.64999962       39.6621361    
   8.65999985       39.6621361    
   8.67000008       39.6621361    
   8.67999935       39.6621361    
   8.68999958       39.6621361    
   8.69999981       39.6621361    
   8.71000004       39.6621361    
   8.72000027       39.6621361    
   8.72999954       39.6621361    
   8.73999977       39.6621361    
   8.75000000       39.6621361    
   8.76000023       39.6621361    
   8.76999950       39.6621361    
   8.77999973       39.6621361    
   8.78999996       39.6621361    
   8.80000019       39.6621361    
   8.80999947       39.6621361    
   8.81999969       39.6621361    
   8.82999992       39.6621361    
   8.84000015       39.6621361    
   8.84999943       39.6621361    
   8.85999966       39.6621361    
   8.86999989       39.6621361    
   8.88000011       39.6621361    
   8.88999939       39.6621361    
   8.89999962       39.6621361    
   8.90999985       39.6621361    
   8.92000008       39.6621361    
   8.92999935       39.6621361    
   8.93999958       39.6621361    
   8.94999981       39.6621361    
   8.96000004       39.6621361    
   8.97000027       39.6621361    
   8.97999954       39.6621361    
   8.98999977       39.6621361    
   9.00000000       39.6621361    
   9.01000023       39.6621361    
   9.01999950       39.6621361    
   9.02999973       39.6621361    
   9.03999996       39.6621361    
   9.05000019       39.6621361    
   9.05999947       39.6621361    
   9.06999969       39.6621361    
   9.07999992       39.6621361    
   9.09000015       39.6621361    
   9.09999943       39.6621361    
   9.10999966       39.6621361    
   9.11999989       39.6621361    
   9.13000011       39.6621361    
   9.13999939       39.6621361    
   9.14999962       39.6621361    
   9.15999985       39.6621361    
   9.17000008       39.6621361    
   9.17999935       39.6621361    
   9.18999958       39.6621361    
   9.19999981       39.6621361    
   9.21000004       39.6621361    
   9.22000027       39.6621361    
   9.22999954       39.6621361    
   9.23999977       39.6621361    
   9.25000000       39.6621361    
   9.26000023       39.6621361    
   9.26999950       39.6621361    
   9.27999973       39.6621361    
   9.28999996       39.6621361    
   9.30000019       39.6621361    
   9.30999947       39.6621361    
   9.31999969       39.6621361    
   9.32999992       39.6621361    
   9.34000015       39.6621361    
   9.34999943       39.6621361    
   9.35999966       39.6621361    
   9.36999989       39.6621361    
   9.38000011       39.6621361    
   9.38999939       39.6621361    
   9.39999962       36.1304970    
   9.40999985       39.1295547    
   9.42000008       39.8124962    
   9.42999935       36.7861748    
   9.43999958       39.9171028    
   9.44999981       39.9171028    
   9.46000004       39.9171028    
   9.46999931       39.9171028    
   9.47999954       39.9171028    
   9.48999977       39.9171028    
   9.50000000       39.9171028    
   9.51000023       39.9171028    
   9.51999950       39.9171028    
   9.52999973       39.9171028    
   9.53999996       39.9171028    
   9.55000019       39.9171028    
   9.55999947       39.9171028    
   9.56999969       39.9171028    
   9.57999992       39.9171028    
   9.59000015       39.9171028    
   9.59999943       39.9171028    
   9.60999966       39.9171028    
   9.61999989       39.9171028    
   9.63000011       39.9171028    
   9.63999939       39.9171028    
   9.64999962       39.9171028    
   9.65999985       39.9171028    
   9.67000008       39.9171028    
   9.67999935       39.9171028    
   9.68999958       39.9171028    
   9.69999981       39.9171028    
   9.71000004       39.9171028    
   9.71999931       39.9171028    
   9.72999954       39.9171028    
   9.73999977       39.9171028    
   9.75000000       39.9171028    
   9.76000023       39.9171028    
   9.76999950       39.9171028    
   9.77999973       39.9171028    
   9.78999996       39.9171028    
   9.80000019       39.9171028    
   9.80999947       39.9171028    
   9.81999969       39.9171028    
   9.82999992       39.9171028    
   9.84000015       39.9171028    
   9.84999943       39.9171028    
   9.85999966       39.9171028    
   9.86999989       39.9171028    
   9.88000011       39.9171028    
   9.88999939       39.9171028    
   9.89999962       39.9171028    
   9.90999985       39.9171028    
   9.92000008       39.9171028    
   9.92999935       39.9171028    
   9.93999958       39.9171028    
   9.94999981       39.9171028    
   9.96000004       39.9171028    
   9.96999931       39.9171028    
   9.97999954       39.9171028    
   9.98999977       39.9171028    
   10.0000000       39.9171028    
