   4.99999989E-03   40.0000000    
   9.99999978E-03   40.0000000    
   1.49999997E-02   40.0000000    
   1.99999996E-02   40.0000000    
   2.49999985E-02   40.0000000    
   2.99999993E-02   40.0000000    
   3.50000001E-02   40.0000000    
   3.99999991E-02   40.0000000    
   4.49999981E-02   40.0000000    
   4.99999970E-02   40.0000000    
   5.49999997E-02   40.0000000    
   5.99999987E-02   40.0000000    
   6.49999976E-02   40.0000000    
   7.00000003E-02   40.0000000    
   7.49999955E-02   40.0000000    
   7.99999982E-02   40.0000000    
   8.50000009E-02   40.0000000    
   8.99999961E-02   40.0000000    
   9.49999988E-02   40.0000000    
   9.99999940E-02   40.0000000    
  0.104999997       40.0000000    
  0.109999999       40.0000000    
  0.114999995       40.0000000    
  0.119999997       40.0000000    
  0.125000000       40.0000000    
  0.129999995       40.0000000    
  0.134999990       40.0000000    
  0.140000001       40.0000000    
  0.144999996       40.0000000    
  0.149999991       40.0000000    
  0.155000001       40.0000000    
  0.159999996       40.0000000    
  0.164999992       40.0000000    
  0.170000002       40.0000000    
  0.174999997       40.0000000    
  0.179999992       40.0000000    
  0.185000002       40.0000000    
  0.189999998       40.0000000    
  0.194999993       40.0000000    
  0.199999988       40.0000000    
  0.204999998       40.0000000    
  0.209999993       40.0000000    
  0.214999989       40.0000000    
  0.219999999       40.0000000    
  0.224999994       40.0000000    
  0.229999989       40.0000000    
  0.234999999       40.0000000    
  0.239999995       40.0000000    
  0.244999990       40.0000000    
  0.250000000       40.0000000    
  0.254999995       40.0000000    
  0.259999990       40.0000000    
  0.264999986       40.0000000    
  0.269999981       40.0000000    
  0.275000006       40.0000000    
  0.280000001       40.0000000    
  0.284999996       40.0000000    
  0.289999992       40.0000000    
  0.294999987       40.0000000    
  0.299999982       40.0000000    
  0.305000007       40.0000000    
  0.310000002       40.0000000    
  0.314999998       40.0000000    
  0.319999993       40.0000000    
  0.324999988       40.0000000    
  0.329999983       40.0000000    
  0.334999979       40.0000000    
  0.340000004       40.0000000    
  0.344999999       40.0000000    
  0.349999994       40.0000000    
  0.354999989       40.0000000    
  0.359999985       40.0000000    
  0.364999980       40.0000000    
  0.370000005       40.0000000    
  0.375000000       40.0000000    
  0.379999995       40.0000000    
  0.384999990       40.0000000    
  0.389999986       40.0000000    
  0.394999981       40.0000000    
  0.399999976       40.0000000    
  0.405000001       40.0000000    
  0.409999996       40.0000000    
  0.414999992       40.0000000    
  0.419999987       40.0000000    
  0.424999982       40.0000000    
  0.429999977       40.0000000    
  0.435000002       40.0000000    
  0.439999998       40.0000000    
  0.444999993       40.0000000    
  0.449999988       40.0000000    
  0.454999983       40.0000000    
  0.459999979       40.0000000    
  0.465000004       40.0000000    
  0.469999999       40.0000000    
  0.474999994       40.0000000    
  0.479999989       40.0000000    
  0.484999985       40.0000000    
  0.489999980       40.0000000    
  0.494999975       40.0000000    
  0.500000000       40.0000000    
  0.504999995       40.0000000    
  0.509999990       40.0000000    
  0.514999986       40.0000000    
  0.519999981       40.0000000    
  0.524999976       40.0000000    
  0.529999971       40.0000000    
  0.534999967       40.0000000    
  0.539999962       40.0000000    
  0.545000017       40.0000000    
  0.550000012       40.0000000    
  0.555000007       40.0000000    
  0.560000002       40.0000000    
  0.564999998       40.0000000    
  0.569999993       40.0000000    
  0.574999988       40.0000000    
  0.579999983       40.0000000    
  0.584999979       40.0000000    
  0.589999974       40.0000000    
  0.594999969       40.0000000    
  0.599999964       40.0000000    
  0.604999959       40.0000000    
  0.610000014       40.0000000    
  0.615000010       40.0000000    
  0.620000005       40.0000000    
  0.625000000       40.0000000    
  0.629999995       40.0000000    
  0.634999990       40.0000000    
  0.639999986       40.0000000    
  0.644999981       40.0000000    
  0.649999976       40.0000000    
  0.654999971       40.0000000    
  0.659999967       40.0000000    
  0.664999962       40.0000000    
  0.669999957       40.0000000    
  0.675000012       40.0000000    
  0.680000007       40.0000000    
  0.685000002       40.0000000    
  0.689999998       40.0000000    
  0.694999993       40.0000000    
  0.699999988       40.0000000    
  0.704999983       40.0000000    
  0.709999979       40.0000000    
  0.714999974       40.0000000    
  0.719999969       40.0000000    
  0.724999964       40.0000000    
  0.729999959       40.0000000    
  0.734999955       40.0000000    
  0.740000010       40.0000000    
  0.745000005       40.0000000    
  0.750000000       40.0000000    
  0.754999995       40.0000000    
  0.759999990       40.0000000    
  0.764999986       40.0000000    
  0.769999981       40.0000000    
  0.774999976       40.0000000    
  0.779999971       40.0000000    
  0.784999967       40.0000000    
  0.789999962       40.0000000    
  0.794999957       40.0000000    
  0.799999952       40.0000000    
  0.805000007       40.0000000    
  0.810000002       40.0000000    
  0.814999998       40.0000000    
  0.819999993       40.0000000    
  0.824999988       40.0000000    
  0.829999983       40.0000000    
  0.834999979       40.0000000    
  0.839999974       40.0000000    
  0.844999969       40.0000000    
  0.849999964       40.0000000    
  0.854999959       40.0000000    
  0.859999955       40.0000000    
  0.865000010       40.0000000    
  0.870000005       40.0000000    
  0.875000000       40.0000000    
  0.879999995       40.0000000    
  0.884999990       40.0000000    
  0.889999986       40.0000000    
  0.894999981       40.0000000    
  0.899999976       40.0000000    
  0.904999971       40.0000000    
  0.909999967       40.0000000    
  0.914999962       40.0000000    
  0.919999957       40.0000000    
  0.924999952       40.0000000    
  0.930000007       40.0000000    
  0.935000002       40.0000000    
  0.939999998       40.0000000    
  0.944999993       40.0000000    
  0.949999988       40.0000000    
  0.954999983       40.0000000    
  0.959999979       40.0000000    
  0.964999974       40.0000000    
  0.969999969       40.0000000    
  0.974999964       40.0000000    
  0.979999959       40.0000000    
  0.984999955       40.0000000    
  0.989999950       40.0000000    
  0.995000005       40.0000000    
   1.00000000       40.0000000    
   1.00500000       40.0000000    
   1.00999999       40.0000000    
   1.01499999       40.0000000    
   1.01999998       40.0000000    
   1.02499998       40.0000000    
   1.02999997       40.0000000    
   1.03499997       40.0000000    
   1.03999996       40.0000000    
   1.04499996       40.0000000    
   1.04999995       40.0000000    
   1.05499995       40.0000000    
   1.05999994       40.0000000    
   1.06499994       40.0000000    
   1.06999993       40.0000000    
   1.07499993       40.0000000    
   1.07999992       40.0000000    
   1.08499992       40.0000000    
   1.09000003       40.0000000    
   1.09500003       40.0000000    
   1.10000002       40.0000000    
   1.10500002       40.0000000    
   1.11000001       40.0000000    
   1.11500001       40.0000000    
   1.12000000       40.0000000    
   1.12500000       40.0000000    
   1.13000000       40.0000000    
   1.13499999       40.0000000    
   1.13999999       40.0000000    
   1.14499998       40.0000000    
   1.14999998       40.0000000    
   1.15499997       40.0000000    
   1.15999997       40.0000000    
   1.16499996       40.0000000    
   1.16999996       40.0000000    
   1.17499995       38.9864960    
   1.17999995       39.2521362    
   1.18499994       39.6626129    
   1.18999994       39.9812775    
   1.19499993       40.0239639    
   1.19999993       39.7657242    
   1.20499992       39.3560715    
   1.20999992       39.0315628    
   1.21499991       39.9302597    
   1.22000003       39.9302597    
   1.22500002       39.9302597    
   1.23000002       39.9302597    
   1.23500001       39.9302597    
   1.24000001       39.9302597    
   1.24500000       39.9302597    
   1.25000000       39.9302597    
   1.25500000       39.9302597    
   1.25999999       39.9302597    
   1.26499999       39.9302597    
   1.26999998       39.9302597    
   1.27499998       39.9302597    
   1.27999997       39.9302597    
   1.28499997       39.9302597    
   1.28999996       39.9302597    
   1.29499996       39.9302597    
   1.29999995       39.9302597    
   1.30499995       39.9302597    
   1.30999994       39.9302597    
   1.31499994       39.9302597    
   1.31999993       39.9302597    
   1.32499993       39.9302597    
   1.32999992       39.9302597    
   1.33499992       39.9302597    
   1.33999991       39.9302597    
   1.34500003       39.9302597    
   1.35000002       39.9302597    
   1.35500002       39.9302597    
   1.36000001       39.9302597    
   1.36500001       39.9302597    
   1.37000000       39.9302597    
   1.37500000       39.9302597    
   1.38000000       39.9302597    
   1.38499999       39.9302597    
   1.38999999       39.9302597    
   1.39499998       39.9302597    
   1.39999998       39.9302597    
   1.40499997       39.9302597    
   1.40999997       39.9302597    
   1.41499996       39.9302597    
   1.41999996       39.9302597    
   1.42499995       39.9302597    
   1.42999995       39.9302597    
   1.43499994       39.9302597    
   1.43999994       39.9302597    
   1.44499993       39.9302597    
   1.44999993       39.9302597    
   1.45499992       39.9302597    
   1.45999992       39.9302597    
   1.46499991       39.9302597    
   1.46999991       39.9302597    
   1.47500002       39.9302597    
   1.48000002       39.9302597    
   1.48500001       39.9302597    
   1.49000001       39.9302597    
   1.49500000       39.9302597    
   1.50000000       39.9302597    
   1.50500000       39.9302597    
   1.50999999       39.9302597    
   1.51499999       39.9302597    
   1.51999998       39.9302597    
   1.52499998       39.9302597    
   1.52999997       39.9302597    
   1.53499997       39.9302597    
   1.53999996       39.9302597    
   1.54499996       39.9302597    
   1.54999995       39.9302597    
   1.55499995       39.9302597    
   1.55999994       39.9302597    
   1.56499994       39.9302597    
   1.56999993       39.9302597    
   1.57499993       39.9302597    
   1.57999992       39.9302597    
   1.58499992       39.9302597    
   1.58999991       39.9302597    
   1.59499991       39.9302597    
   1.59999990       39.9302597    
   1.60500002       39.9302597    
   1.61000001       39.9302597    
   1.61500001       39.9302597    
   1.62000000       39.9302597    
   1.62500000       39.9302597    
   1.63000000       39.9302597    
   1.63499999       39.9302597    
   1.63999999       39.9302597    
   1.64499998       39.9302597    
   1.64999998       39.9302597    
   1.65499997       39.9302597    
   1.65999997       39.9302597    
   1.66499996       39.9302597    
   1.66999996       39.9302597    
   1.67499995       39.9302597    
   1.67999995       39.9302597    
   1.68499994       39.9302597    
   1.68999994       39.9302597    
   1.69499993       39.9302597    
   1.69999993       39.9302597    
   1.70499992       39.9302597    
   1.70999992       39.9302597    
   1.71499991       39.9302597    
   1.71999991       39.9302597    
   1.72499990       39.9302597    
   1.73000002       39.9302597    
   1.73500001       39.9302597    
   1.74000001       39.9302597    
   1.74500000       39.9302597    
   1.75000000       39.9302597    
   1.75500000       39.9302597    
   1.75999999       39.9302597    
   1.76499999       39.9302597    
   1.76999998       39.9302597    
   1.77499998       39.9302597    
   1.77999997       39.9302597    
   1.78499997       39.9302597    
   1.78999996       39.9302597    
   1.79499996       39.9302597    
   1.79999995       39.9302597    
   1.80499995       39.9302597    
   1.80999994       39.9302597    
   1.81499994       39.9262238    
   1.81999993       39.9889908    
   1.82499993       40.1403885    
   1.82999992       40.2929077    
   1.83499992       40.3586121    
   1.83999991       40.2994270    
   1.84499991       40.1494141    
   1.84999990       39.9952774    
   1.85499990       39.9260368    
   1.86000001       40.0193138    
   1.86500001       40.0193138    
   1.87000000       40.0193138    
   1.87500000       40.0193138    
   1.88000000       40.0193138    
   1.88499999       40.0193138    
   1.88999999       40.0193138    
   1.89499998       40.0193138    
   1.89999998       40.0193138    
   1.90499997       40.0193138    
   1.90999997       40.0193138    
   1.91499996       40.0193138    
   1.91999996       40.0193138    
   1.92499995       40.0193138    
   1.92999995       40.0193138    
   1.93499994       40.0193138    
   1.93999994       40.0193138    
   1.94499993       40.0193138    
   1.94999993       40.0193138    
   1.95499992       40.0193138    
   1.95999992       40.0193138    
   1.96499991       40.0193138    
   1.96999991       40.0193138    
   1.97499990       40.0193138    
   1.97999990       40.0193138    
   1.98500001       40.0193138    
   1.99000001       40.0193138    
   1.99500000       40.0193138    
   2.00000000       40.0193138    
   2.00499988       40.0193138    
   2.00999999       40.0193138    
   2.01499987       40.0193138    
   2.01999998       40.0193138    
   2.02499986       40.0193138    
   2.02999997       40.0193138    
   2.03499985       40.0193138    
   2.03999996       40.0193138    
   2.04499984       40.0193138    
   2.04999995       40.0193138    
   2.05500007       40.0193138    
   2.05999994       40.0193138    
   2.06500006       40.0193138    
   2.06999993       40.0193138    
   2.07500005       40.0193138    
   2.07999992       40.0193138    
   2.08500004       40.0193138    
   2.08999991       40.0193138    
   2.09500003       40.0193138    
   2.09999990       40.0193138    
   2.10500002       40.0193138    
   2.10999990       40.0193138    
   2.11500001       40.0193138    
   2.11999989       40.0193138    
   2.12500000       40.0193138    
   2.12999988       40.0193138    
   2.13499999       40.0193138    
   2.13999987       40.0193138    
   2.14499998       40.0193138    
   2.14999986       40.0193138    
   2.15499997       40.0193138    
   2.15999985       40.0193138    
   2.16499996       40.0193138    
   2.16999984       40.0193138    
   2.17499995       40.0193138    
   2.18000007       40.0193138    
   2.18499994       40.0193138    
   2.19000006       40.0193138    
   2.19499993       40.0193138    
   2.20000005       40.0193138    
   2.20499992       40.0193138    
   2.21000004       40.0193138    
   2.21499991       40.0193138    
   2.22000003       40.0193138    
   2.22499990       40.0193138    
   2.23000002       40.0193138    
   2.23499990       40.0193138    
   2.24000001       40.0193138    
   2.24499989       40.0193138    
   2.25000000       40.0193138    
   2.25499988       40.0193138    
   2.25999999       40.0193138    
   2.26499987       40.0193138    
   2.26999998       40.0193138    
   2.27499986       40.0193138    
   2.27999997       40.0193138    
   2.28499985       40.0193138    
   2.28999996       40.0193138    
   2.29499984       40.0193138    
   2.29999995       40.0193138    
   2.30500007       40.0193138    
   2.30999994       40.0193138    
   2.31500006       40.0193138    
   2.31999993       40.0193138    
   2.32500005       40.0193138    
   2.32999992       40.0193138    
   2.33500004       40.0193138    
   2.33999991       40.0193138    
   2.34500003       40.0193138    
   2.34999990       40.0193138    
   2.35500002       40.0193138    
   2.35999990       40.0193138    
   2.36500001       40.0193138    
   2.36999989       40.0193138    
   2.37500000       40.0193138    
   2.37999988       40.0193138    
   2.38499999       40.0193138    
   2.38999987       40.0193138    
   2.39499998       40.0193138    
   2.39999986       40.0193138    
   2.40499997       40.0193138    
   2.40999985       40.0193138    
   2.41499996       40.0193138    
   2.41999984       40.0193138    
   2.42499995       40.0193138    
   2.42999983       40.0193138    
   2.43499994       40.0193138    
   2.44000006       40.0193138    
   2.44499993       40.0193138    
   2.45000005       40.0193138    
   2.45499992       40.0193138    
   2.46000004       40.0193138    
   2.46499991       40.0193138    
   2.47000003       40.0193138    
   2.47499990       40.0193138    
   2.48000002       40.0193138    
   2.48499990       40.0193138    
   2.49000001       40.0193138    
   2.49499989       40.0193138    
   2.50000000       40.0193138    
   2.50499988       40.0193138    
   2.50999999       40.0193138    
   2.51499987       40.0193138    
   2.51999998       40.0193138    
   2.52499986       40.0193138    
   2.52999997       40.0193138    
   2.53499985       39.8306351    
   2.53999996       40.2078705    
   2.54499984       40.6089325    
   2.54999995       40.8022118    
   2.55499983       40.6760941    
   2.55999994       40.3034058    
   2.56500006       39.8993759    
   2.56999993       39.6973381    
   2.57500005       40.2273712    
   2.57999992       40.2273712    
   2.58500004       40.2273712    
   2.58999991       40.2273712    
   2.59500003       40.2273712    
   2.59999990       40.2273712    
   2.60500002       40.2273712    
   2.60999990       40.2273712    
   2.61500001       40.2273712    
   2.61999989       40.2273712    
   2.62500000       40.2273712    
   2.62999988       40.2273712    
   2.63499999       40.2273712    
   2.63999987       40.2273712    
   2.64499998       40.2273712    
   2.64999986       40.2273712    
   2.65499997       40.2273712    
   2.65999985       40.2273712    
   2.66499996       40.2273712    
   2.66999984       40.2273712    
   2.67499995       40.2273712    
   2.67999983       40.2273712    
   2.68499994       40.2273712    
   2.69000006       40.2273712    
   2.69499993       40.2273712    
   2.70000005       40.2273712    
   2.70499992       40.2273712    
   2.71000004       40.2273712    
   2.71499991       40.2273712    
   2.72000003       40.2273712    
   2.72499990       40.2273712    
   2.73000002       40.2273712    
   2.73499990       40.2273712    
   2.74000001       40.2273712    
   2.74499989       40.2273712    
   2.75000000       40.2273712    
   2.75499988       40.2273712    
   2.75999999       40.2273712    
   2.76499987       40.2273712    
   2.76999998       40.2273712    
   2.77499986       40.2273712    
   2.77999997       40.2273712    
   2.78499985       40.2273712    
   2.78999996       40.2273712    
   2.79499984       40.2273712    
   2.79999995       40.2273712    
   2.80499983       40.2273712    
   2.80999994       40.2273712    
   2.81499982       40.2273712    
   2.81999993       40.2273712    
   2.82500005       40.2273712    
   2.82999992       40.2273712    
   2.83500004       40.2273712    
   2.83999991       40.2273712    
   2.84500003       40.2273712    
   2.84999990       40.2273712    
   2.85500002       40.2273712    
   2.85999990       40.2273712    
   2.86500001       40.2273712    
   2.86999989       40.2273712    
   2.87500000       40.2273712    
   2.87999988       40.2273712    
   2.88499999       40.2273712    
   2.88999987       40.2273712    
   2.89499998       40.2273712    
   2.89999986       40.2273712    
   2.90499997       40.2273712    
   2.90999985       40.2273712    
   2.91499996       40.2273712    
   2.91999984       40.2273712    
   2.92499995       40.2273712    
   2.92999983       40.2273712    
   2.93499994       40.2273712    
   2.93999982       40.2273712    
   2.94499993       40.2273712    
   2.95000005       40.2273712    
   2.95499992       40.2273712    
   2.96000004       40.2273712    
   2.96499991       40.2273712    
   2.97000003       40.2273712    
   2.97499990       40.2273712    
   2.98000002       40.2273712    
   2.98499990       40.2273712    
   2.99000001       40.2273712    
   2.99499989       40.2273712    
   3.00000000       40.2273712    
   3.00499988       40.2273712    
   3.00999999       40.2273712    
   3.01499987       40.2273712    
   3.01999998       40.2273712    
   3.02499986       40.2273712    
   3.02999997       40.2273712    
   3.03499985       40.2273712    
   3.03999996       40.2273712    
   3.04499984       40.2273712    
   3.04999995       40.2273712    
   3.05499983       40.2273712    
   3.05999994       40.2273712    
   3.06499982       40.2273712    
   3.06999993       40.2273712    
   3.07500005       40.2273712    
   3.07999992       40.2273712    
   3.08500004       40.2273712    
   3.08999991       40.2273712    
   3.09500003       40.2273712    
   3.09999990       40.2273712    
   3.10500002       40.2273712    
   3.10999990       40.2273712    
   3.11500001       40.2273712    
   3.11999989       40.2273712    
   3.12500000       40.2273712    
   3.12999988       40.2273712    
   3.13499999       40.2273712    
   3.13999987       40.2273712    
   3.14499998       40.2273712    
   3.14999986       40.2273712    
   3.15499997       40.2273712    
   3.15999985       40.2273712    
   3.16499996       40.2273712    
   3.16999984       40.2273712    
   3.17499995       40.2273712    
   3.17999983       40.2273712    
   3.18499994       40.2273712    
   3.18999982       40.2273712    
   3.19499993       40.2273712    
   3.19999981       40.2273712    
   3.20499992       40.2273712    
   3.21000004       40.2273712    
   3.21499991       40.2273712    
   3.22000003       40.2273712    
   3.22499990       40.2273712    
   3.23000002       40.2273712    
   3.23499990       40.2273712    
   3.24000001       40.2273712    
   3.24499989       40.2273712    
   3.25000000       40.2273712    
   3.25499988       40.2273712    
   3.25999999       40.2273712    
   3.26499987       40.2273712    
   3.26999998       40.2273712    
   3.27499986       40.2273712    
   3.27999997       40.2273712    
   3.28499985       40.2273712    
   3.28999996       40.2273712    
   3.29499984       40.2273712    
   3.29999995       40.2273712    
   3.30499983       40.2273712    
   3.30999994       40.2273712    
   3.31499982       40.2273712    
   3.31999993       40.2273712    
   3.32499981       40.2273712    
   3.32999992       40.2273712    
   3.33500004       40.2273712    
   3.33999991       40.2273712    
   3.34500003       40.2273712    
   3.34999990       40.2273712    
   3.35500002       40.2273712    
   3.35999990       40.2273712    
   3.36500001       40.2273712    
   3.36999989       40.2273712    
   3.37500000       40.2273712    
   3.37999988       40.2273712    
   3.38499999       40.2273712    
   3.38999987       40.2273712    
   3.39499998       40.2273712    
   3.39999986       40.2273712    
   3.40499997       40.2273712    
   3.40999985       40.2273712    
   3.41499996       40.2273712    
   3.41999984       40.2273712    
   3.42499995       40.2273712    
   3.42999983       40.2273712    
   3.43499994       40.2273712    
   3.43999982       40.2273712    
   3.44499993       40.2273712    
   3.44999981       40.2273712    
   3.45499992       40.2273712    
   3.46000004       40.2273712    
   3.46499991       40.2273712    
   3.47000003       40.2273712    
   3.47499990       40.2273712    
   3.48000002       40.2273712    
   3.48499990       40.2273712    
   3.49000001       40.2273712    
   3.49499989       40.2273712    
   3.50000000       40.2273712    
   3.50499988       40.2273712    
   3.50999999       40.2273712    
   3.51499987       40.2273712    
   3.51999998       40.2273712    
   3.52499986       40.2273712    
   3.52999997       40.2273712    
   3.53499985       40.2273712    
   3.53999996       40.2273712    
   3.54499984       40.2273712    
   3.54999995       40.2273712    
   3.55499983       40.2273712    
   3.55999994       40.2273712    
   3.56499982       40.2273712    
   3.56999993       40.2273712    
   3.57499981       40.2273712    
   3.57999992       40.2273712    
   3.58500004       40.2273712    
   3.58999991       40.2273712    
   3.59500003       40.2273712    
   3.59999990       40.2273712    
   3.60500002       40.2273712    
   3.60999990       40.2273712    
   3.61500001       40.2273712    
   3.61999989       40.2273712    
   3.62500000       40.2273712    
   3.62999988       40.2273712    
   3.63499999       40.2273712    
   3.63999987       40.2273712    
   3.64499998       40.2273712    
   3.64999986       40.2273712    
   3.65499997       40.2273712    
   3.65999985       40.2273712    
   3.66499996       40.2273712    
   3.66999984       40.2273712    
   3.67499995       40.2273712    
   3.67999983       40.2273712    
   3.68499994       40.2273712    
   3.68999982       40.2273712    
   3.69499993       40.2273712    
   3.69999981       40.2273712    
   3.70499992       40.2273712    
   3.70999980       40.2273712    
   3.71499991       40.2273712    
   3.72000003       40.2273712    
   3.72499990       40.2273712    
   3.73000002       40.2273712    
   3.73499990       40.2273712    
   3.74000001       40.2273712    
   3.74499989       40.2273712    
   3.75000000       40.2273712    
   3.75499988       40.2273712    
   3.75999999       40.2273712    
   3.76499987       40.2273712    
   3.76999998       40.2273712    
   3.77499986       40.2273712    
   3.77999997       40.2273712    
   3.78499985       40.2273712    
   3.78999996       40.2273712    
   3.79499984       40.2273712    
   3.79999995       40.2273712    
   3.80499983       40.2273712    
   3.80999994       40.2273712    
   3.81499982       40.2273712    
   3.81999993       40.2273712    
   3.82499981       40.2273712    
   3.82999992       40.2273712    
   3.83499980       40.2273712    
   3.83999991       40.2273712    
   3.84500003       40.2273712    
   3.84999990       40.2273712    
   3.85500002       40.2273712    
   3.85999990       40.2273712    
   3.86500001       40.2273712    
   3.86999989       40.2273712    
   3.87500000       40.2273712    
   3.87999988       40.2273712    
   3.88499999       39.2228432    
   3.88999987       39.4856415    
   3.89499998       39.8979111    
   3.89999986       40.2214355    
   3.90499997       40.2692986    
   3.90999985       40.0140762    
   3.91499996       39.6030960    
   3.91999984       39.2734909    
   3.92499995       40.1477852    
   3.92999983       40.1477852    
   3.93499994       40.1477852    
   3.93999982       40.1477852    
   3.94499993       40.1477852    
   3.94999981       40.1477852    
   3.95499992       40.1477852    
   3.95999980       40.1477852    
   3.96499991       40.1477852    
   3.97000003       39.7975655    
   3.97499990       39.8915901    
   3.98000002       40.0498886    
   3.98499990       40.1810455    
   3.99000001       40.2093201    
   3.99499989       40.1183815    
   4.00000000       39.9607430    
   4.00500011       39.8274498    
   4.00999975       40.1011429    
   4.01499987       40.1011429    
   4.01999998       40.1011429    
   4.02500010       40.1011429    
   4.02999973       40.1011429    
   4.03499985       40.1011429    
   4.03999996       40.1011429    
   4.04500008       40.1011429    
   4.04999971       40.1011429    
   4.05499983       40.1011429    
   4.05999994       40.1011429    
   4.06500006       40.1011429    
   4.06999969       40.1011429    
   4.07499981       40.1011429    
   4.07999992       40.1011429    
   4.08500004       40.1011429    
   4.08999968       40.1011429    
   4.09499979       40.1011429    
   4.09999990       40.1011429    
   4.10500002       40.1011429    
   4.11000013       40.1011429    
   4.11499977       40.1011429    
   4.11999989       40.1011429    
   4.12500000       40.1011429    
   4.13000011       40.1011429    
   4.13499975       40.1011429    
   4.13999987       40.1011429    
   4.14499998       40.1011429    
   4.15000010       40.1011429    
   4.15499973       40.1011429    
   4.15999985       40.1011429    
   4.16499996       40.1011429    
   4.17000008       40.1011429    
   4.17499971       40.1011429    
   4.17999983       40.1011429    
   4.18499994       40.1011429    
   4.19000006       40.1011429    
   4.19499969       40.1011429    
   4.19999981       40.1011429    
   4.20499992       40.1011429    
   4.21000004       40.1011429    
   4.21499968       40.1011429    
   4.21999979       40.1011429    
   4.22499990       40.1011429    
   4.23000002       40.1011429    
   4.23500013       40.1011429    
   4.23999977       40.1011429    
   4.24499989       40.1011429    
   4.25000000       40.1011429    
   4.25500011       40.1011429    
   4.25999975       40.1011429    
   4.26499987       40.1011429    
   4.26999998       40.1011429    
   4.27500010       40.1011429    
   4.27999973       40.1011429    
   4.28499985       40.1011429    
   4.28999996       40.1011429    
   4.29500008       40.1011429    
   4.29999971       40.1011429    
   4.30499983       40.1011429    
   4.30999994       40.1011429    
   4.31500006       40.1011429    
   4.31999969       40.1011429    
   4.32499981       40.1011429    
   4.32999992       40.1011429    
   4.33500004       40.1011429    
   4.33999968       40.1011429    
   4.34499979       40.1011429    
   4.34999990       40.1011429    
   4.35500002       40.1011429    
   4.36000013       40.1011429    
   4.36499977       40.1011429    
   4.36999989       40.1011429    
   4.37500000       40.1011429    
   4.38000011       40.1011429    
   4.38499975       40.1011429    
   4.38999987       40.1011429    
   4.39499998       40.1011429    
   4.40000010       40.1011429    
   4.40499973       40.1011429    
   4.40999985       40.1011429    
   4.41499996       40.1011429    
   4.42000008       40.1011429    
   4.42499971       40.1011429    
   4.42999983       40.1011429    
   4.43499994       40.1011429    
   4.44000006       40.1011429    
   4.44499969       40.1011429    
   4.44999981       40.1011429    
   4.45499992       40.1011429    
   4.46000004       40.1011429    
   4.46499968       40.1011429    
   4.46999979       40.1011429    
   4.47499990       40.1011429    
   4.48000002       40.1011429    
   4.48500013       40.1011429    
   4.48999977       40.1011429    
   4.49499989       40.1011429    
   4.50000000       40.1011429    
   4.50500011       40.1011429    
   4.50999975       40.1011429    
   4.51499987       40.1011429    
   4.51999998       40.1011429    
   4.52500010       40.1011429    
   4.52999973       40.1011429    
   4.53499985       40.1011429    
   4.53999996       40.1011429    
   4.54500008       40.1011429    
   4.54999971       40.1011429    
   4.55499983       40.1011429    
   4.55999994       40.1011429    
   4.56500006       40.1011429    
   4.56999969       40.1011429    
   4.57499981       40.1011429    
   4.57999992       40.1011429    
   4.58500004       40.1011429    
   4.58999968       40.1011429    
   4.59499979       40.1011429    
   4.59999990       40.1011429    
   4.60500002       40.1011429    
   4.61000013       40.1011429    
   4.61499977       40.1011429    
   4.61999989       40.1011429    
   4.62500000       40.1011429    
   4.63000011       40.1011429    
   4.63499975       40.1011429    
   4.63999987       40.1011429    
   4.64499998       40.1011429    
   4.65000010       40.1011429    
   4.65499973       40.1011429    
   4.65999985       40.1011429    
   4.66499996       40.1011429    
   4.67000008       40.1011429    
   4.67499971       40.1011429    
   4.67999983       40.1011429    
   4.68499994       40.1011429    
   4.69000006       40.1011429    
   4.69499969       40.1011429    
   4.69999981       40.1011429    
   4.70499992       40.1011429    
   4.71000004       40.1011429    
   4.71499968       40.1011429    
   4.71999979       40.1011429    
   4.72499990       40.1011429    
   4.73000002       40.1011429    
   4.73499966       40.1011429    
   4.73999977       40.1011429    
   4.74499989       40.1011429    
   4.75000000       40.1011429    
   4.75500011       40.1011429    
   4.75999975       40.1011429    
   4.76499987       40.1011429    
   4.76999998       40.1011429    
   4.77500010       40.1011429    
   4.77999973       40.1011429    
   4.78499985       40.1011429    
   4.78999996       40.1011429    
   4.79500008       40.1011429    
   4.79999971       40.1011429    
   4.80499983       40.1011429    
   4.80999994       40.1011429    
   4.81500006       40.1011429    
   4.81999969       40.1011429    
   4.82499981       40.1011429    
   4.82999992       40.1011429    
   4.83500004       40.1011429    
   4.83999968       40.1011429    
   4.84499979       40.1011429    
   4.84999990       40.1011429    
   4.85500002       40.1011429    
   4.85999966       40.1011429    
   4.86499977       40.1011429    
   4.86999989       40.1011429    
   4.87500000       40.1011429    
   4.88000011       40.1011429    
   4.88499975       40.1011429    
   4.88999987       40.1011429    
   4.89499998       40.1011429    
   4.90000010       40.1011429    
   4.90499973       40.1011429    
   4.90999985       40.1011429    
   4.91499996       40.1011429    
   4.92000008       40.1011429    
   4.92499971       40.1011429    
   4.92999983       40.1011429    
   4.93499994       40.1011429    
   4.94000006       40.1011429    
   4.94499969       40.1011429    
   4.94999981       40.1011429    
   4.95499992       40.1011429    
   4.96000004       40.1011429    
   4.96499968       40.1011429    
   4.96999979       40.1011429    
   4.97499990       40.1011429    
   4.98000002       40.1011429    
   4.98499966       40.1011429    
   4.98999977       40.1011429    
   4.99499989       40.1011429    
   5.00000000       40.1011429    
   5.00500011       40.1011429    
   5.00999975       40.1011429    
   5.01499987       40.1011429    
   5.01999998       40.1011429    
   5.02500010       40.1011429    
   5.02999973       40.1011429    
   5.03499985       40.1011429    
   5.03999996       40.1011429    
   5.04500008       40.1011429    
   5.04999971       40.1011429    
   5.05499983       40.1011429    
   5.05999994       40.1011429    
   5.06500006       40.1011429    
   5.06999969       40.1011429    
   5.07499981       40.1011429    
   5.07999992       40.1011429    
   5.08500004       40.1011429    
   5.08999968       40.1011429    
   5.09499979       40.1011429    
   5.09999990       40.1011429    
   5.10500002       40.1011429    
   5.10999966       40.1011429    
   5.11499977       40.1011429    
   5.11999989       40.1011429    
   5.12500000       40.1011429    
   5.13000011       40.1011429    
   5.13499975       40.1011429    
   5.13999987       40.1011429    
   5.14499998       40.1011429    
   5.15000010       40.1011429    
   5.15499973       40.1011429    
   5.15999985       40.1011429    
   5.16499996       40.1011429    
   5.17000008       40.1011429    
   5.17499971       40.1011429    
   5.17999983       40.1011429    
   5.18499994       40.1011429    
   5.19000006       40.1011429    
   5.19499969       40.1011429    
   5.19999981       40.1011429    
   5.20499992       40.1011429    
   5.21000004       40.1011429    
   5.21499968       40.1011429    
   5.21999979       40.1011429    
   5.22499990       40.1011429    
   5.23000002       40.1011429    
   5.23499966       40.1011429    
   5.23999977       39.0548248    
   5.24499989       39.3417053    
   5.25000000       39.7541275    
   5.25500011       40.0539207    
   5.25999975       40.0679474    
   5.26499987       39.7881126    
   5.26999998       39.3760223    
   5.27500010       39.0696564    
   5.27999973       40.0779991    
   5.28499985       40.0779991    
   5.28999996       40.0779991    
   5.29500008       40.0779991    
   5.29999971       40.0779991    
   5.30499983       40.0779991    
   5.30999994       40.0779991    
   5.31500006       40.0779991    
   5.31999969       40.0779991    
   5.32499981       40.0779991    
   5.32999992       40.0779991    
   5.33500004       40.0779991    
   5.33999968       40.0779991    
   5.34499979       40.0779991    
   5.34999990       40.0779991    
   5.35500002       40.0779991    
   5.35999966       40.0779991    
   5.36499977       40.0779991    
   5.36999989       40.0779991    
   5.37500000       40.0779991    
   5.38000011       40.0779991    
   5.38499975       40.0779991    
   5.38999987       40.0779991    
   5.39499998       40.0779991    
   5.40000010       40.0779991    
   5.40499973       40.0779991    
   5.40999985       40.0779991    
   5.41499996       40.0779991    
   5.42000008       40.0779991    
   5.42499971       40.0779991    
   5.42999983       40.0779991    
   5.43499994       40.0779991    
   5.44000006       40.0779991    
   5.44499969       40.0779991    
   5.44999981       40.0779991    
   5.45499992       40.0779991    
   5.46000004       40.0779991    
   5.46499968       40.0779991    
   5.46999979       40.0779991    
   5.47499990       40.0779991    
   5.48000002       40.0779991    
   5.48499966       40.0779991    
   5.48999977       40.0779991    
   5.49499989       40.0779991    
   5.50000000       40.0779991    
   5.50500011       40.0779991    
   5.50999975       40.0779991    
   5.51499987       40.0779991    
   5.51999998       40.0779991    
   5.52500010       40.0779991    
   5.52999973       40.0779991    
   5.53499985       40.0779991    
   5.53999996       40.0779991    
   5.54500008       40.0779991    
   5.54999971       40.0779991    
   5.55499983       40.0779991    
   5.55999994       40.0779991    
   5.56500006       40.0779991    
   5.56999969       40.0779991    
   5.57499981       40.0779991    
   5.57999992       40.0779991    
   5.58500004       40.0779991    
   5.58999968       40.0779991    
   5.59499979       40.0779991    
   5.59999990       40.0779991    
   5.60500002       40.0779991    
   5.60999966       40.0779991    
   5.61499977       40.0779991    
   5.61999989       40.0779991    
   5.62500000       40.0779991    
   5.62999964       40.0779991    
   5.63499975       40.0779991    
   5.63999987       40.0779991    
   5.64499998       40.0779991    
   5.65000010       40.0779991    
   5.65499973       40.0779991    
   5.65999985       40.0779991    
   5.66499996       40.0779991    
   5.67000008       40.0779991    
   5.67499971       40.0779991    
   5.67999983       40.0779991    
   5.68499994       40.0779991    
   5.69000006       40.0779991    
   5.69499969       40.0779991    
   5.69999981       40.0779991    
   5.70499992       40.0779991    
   5.71000004       40.0779991    
   5.71499968       40.0779991    
   5.71999979       40.0779991    
   5.72499990       40.0779991    
   5.73000002       40.0779991    
   5.73499966       40.0779991    
   5.73999977       40.0779991    
   5.74499989       40.0779991    
   5.75000000       40.0779991    
   5.75499964       40.0779991    
   5.75999975       40.0779991    
   5.76499987       40.0779991    
   5.76999998       40.0779991    
   5.77500010       40.0779991    
   5.77999973       40.0779991    
   5.78499985       40.0779991    
   5.78999996       40.0779991    
   5.79500008       40.0779991    
   5.79999971       40.0779991    
   5.80499983       40.0779991    
   5.80999994       40.0779991    
   5.81500006       40.0779991    
   5.81999969       40.0779991    
   5.82499981       40.0779991    
   5.82999992       40.0779991    
   5.83500004       40.0779991    
   5.83999968       40.0779991    
   5.84499979       40.0779991    
   5.84999990       40.0779991    
   5.85500002       40.0779991    
   5.85999966       40.0779991    
   5.86499977       40.0779991    
   5.86999989       40.0779991    
   5.87500000       40.0779991    
   5.87999964       40.0779991    
   5.88499975       40.0779991    
   5.88999987       40.0779991    
   5.89499998       40.0779991    
   5.90000010       40.0779991    
   5.90499973       40.0779991    
   5.90999985       40.0779991    
   5.91499996       40.0779991    
   5.92000008       40.0779991    
   5.92499971       40.0779991    
   5.92999983       40.0779991    
   5.93499994       40.0779991    
   5.94000006       40.0779991    
   5.94499969       40.0779991    
   5.94999981       40.0779991    
   5.95499992       40.0779991    
   5.96000004       40.0779991    
   5.96499968       40.0779991    
   5.96999979       40.0779991    
   5.97499990       40.0779991    
   5.98000002       40.0779991    
   5.98499966       40.0779991    
   5.98999977       40.0779991    
   5.99499989       40.0779991    
   6.00000000       40.0779991    
   6.00499964       40.0779991    
   6.00999975       40.0779991    
   6.01499987       40.0779991    
   6.01999998       40.0779991    
   6.02500010       40.0779991    
   6.02999973       40.0779991    
   6.03499985       40.0779991    
   6.03999996       40.0779991    
   6.04500008       40.0779991    
   6.04999971       40.0779991    
   6.05499983       40.0779991    
   6.05999994       40.0779991    
   6.06500006       40.0779991    
   6.06999969       40.0779991    
   6.07499981       40.0779991    
   6.07999992       40.0779991    
   6.08500004       40.0779991    
   6.08999968       40.0779991    
   6.09499979       40.0779991    
   6.09999990       40.0779991    
   6.10500002       40.0779991    
   6.10999966       40.0779991    
   6.11499977       40.0779991    
   6.11999989       40.0779991    
   6.12500000       40.0779991    
   6.12999964       39.7790756    
   6.13499975       39.9100494    
   6.13999987       40.0679550    
   6.14499998       40.1615181    
   6.15000010       40.1367683    
   6.15499973       40.0080185    
   6.15999985       39.8494568    
   6.16499996       39.7527657    
   6.17000008       40.1186600    
   6.17499971       40.1186600    
   6.17999983       40.1186600    
   6.18499994       40.1186600    
   6.19000006       40.1186600    
   6.19499969       40.1186600    
   6.19999981       40.1186600    
   6.20499992       40.1186600    
   6.21000004       40.1186600    
   6.21499968       40.1186600    
   6.21999979       40.1186600    
   6.22499990       40.1186600    
   6.23000002       40.1186600    
   6.23499966       40.1186600    
   6.23999977       40.1186600    
   6.24499989       40.1186600    
   6.25000000       40.1186600    
   6.25499964       40.1186600    
   6.25999975       40.1186600    
   6.26499987       40.1186600    
   6.26999998       40.1186600    
   6.27500010       40.1186600    
   6.27999973       40.1186600    
   6.28499985       40.1186600    
   6.28999996       40.1186600    
   6.29500008       40.1186600    
   6.29999971       40.1186600    
   6.30499983       40.1186600    
   6.30999994       40.1186600    
   6.31500006       40.1186600    
   6.31999969       40.1186600    
   6.32499981       40.1186600    
   6.32999992       40.1186600    
   6.33500004       40.1186600    
   6.33999968       40.1186600    
   6.34499979       40.1186600    
   6.34999990       40.1186600    
   6.35500002       40.1186600    
   6.35999966       40.1186600    
   6.36499977       40.1186600    
   6.36999989       40.1186600    
   6.37500000       40.1186600    
   6.37999964       40.1186600    
   6.38499975       40.1186600    
   6.38999987       40.1186600    
   6.39499998       40.1186600    
   6.39999962       40.1186600    
   6.40499973       40.1186600    
   6.40999985       40.1186600    
   6.41499996       40.1186600    
   6.42000008       40.1186600    
   6.42499971       40.1186600    
   6.42999983       40.1186600    
   6.43499994       40.1186600    
   6.44000006       40.1186600    
   6.44499969       40.1186600    
   6.44999981       40.1186600    
   6.45499992       40.1186600    
   6.46000004       40.1186600    
   6.46499968       40.1186600    
   6.46999979       40.1186600    
   6.47499990       40.1186600    
   6.48000002       40.1186600    
   6.48499966       40.1186600    
   6.48999977       40.1186600    
   6.49499989       40.1186600    
   6.50000000       40.1186600    
   6.50499964       40.1186600    
   6.50999975       40.1186600    
   6.51499987       40.1186600    
   6.51999998       40.1186600    
   6.52499962       40.1186600    
   6.52999973       40.1186600    
   6.53499985       40.1186600    
   6.53999996       40.1186600    
   6.54500008       40.1186600    
   6.54999971       40.1186600    
   6.55499983       40.1186600    
   6.55999994       40.1186600    
   6.56500006       40.1186600    
   6.56999969       40.1186600    
   6.57499981       40.1186600    
   6.57999992       40.1186600    
   6.58500004       40.1186600    
   6.58999968       40.1186600    
   6.59499979       39.0732002    
   6.59999990       39.3599434    
   6.60500002       39.7722244    
   6.60999966       40.0716972    
   6.61499977       40.0857925    
   6.61999989       39.8058243    
   6.62500000       39.3941269    
   6.62999964       39.0881310    
   6.63499975       40.0960236    
   6.63999987       40.0960236    
   6.64499998       40.0960236    
   6.64999962       40.0960236    
   6.65499973       40.0960236    
   6.65999985       40.0960236    
   6.66499996       40.0960236    
   6.67000008       40.0960236    
   6.67499971       40.0960236    
   6.67999983       40.0960236    
   6.68499994       40.0960236    
   6.69000006       40.0960236    
   6.69499969       40.0960236    
   6.69999981       40.0960236    
   6.70499992       40.0960236    
   6.71000004       40.0960236    
   6.71499968       40.0960236    
   6.71999979       40.0960236    
   6.72499990       40.0960236    
   6.73000002       40.0960236    
   6.73499966       40.0960236    
   6.73999977       40.0960236    
   6.74499989       40.0960236    
   6.75000000       40.0960236    
   6.75499964       40.0960236    
   6.75999975       40.0960236    
   6.76499987       40.0960236    
   6.76999998       40.0960236    
   6.77499962       40.0960236    
   6.77999973       40.0960236    
   6.78499985       40.0960236    
   6.78999996       40.0960236    
   6.79500008       40.0960236    
   6.79999971       40.0960236    
   6.80499983       40.0960236    
   6.80999994       40.0960236    
   6.81500006       40.0960236    
   6.81999969       40.0960236    
   6.82499981       40.0960236    
   6.82999992       40.0960236    
   6.83500004       40.0960236    
   6.83999968       40.0960236    
   6.84499979       40.0960236    
   6.84999990       40.0960236    
   6.85500002       40.0960236    
   6.85999966       40.0960236    
   6.86499977       40.0960236    
   6.86999989       40.0960236    
   6.87500000       40.0960236    
   6.87999964       40.0960236    
   6.88499975       40.0960236    
   6.88999987       40.0960236    
   6.89499998       40.0960236    
   6.89999962       40.0960236    
   6.90499973       40.0960236    
   6.90999985       40.0960236    
   6.91499996       40.0960236    
   6.92000008       40.0960236    
   6.92499971       40.0960236    
   6.92999983       40.0960236    
   6.93499994       40.0960236    
   6.94000006       40.0960236    
   6.94499969       40.0960236    
   6.94999981       40.0960236    
   6.95499992       40.0960236    
   6.96000004       40.0960236    
   6.96499968       40.0960236    
   6.96999979       40.0960236    
   6.97499990       40.0960236    
   6.98000002       40.0960236    
   6.98499966       40.0960236    
   6.98999977       40.0960236    
   6.99499989       40.0960236    
   7.00000000       40.0960236    
   7.00499964       40.0960236    
   7.00999975       40.0960236    
   7.01499987       40.0960236    
   7.01999998       40.0960236    
   7.02499962       40.0960236    
   7.02999973       40.0960236    
   7.03499985       40.0960236    
   7.03999996       40.0960236    
   7.04500008       40.0960236    
   7.04999971       40.0960236    
   7.05499983       40.0960236    
   7.05999994       40.0960236    
   7.06500006       40.0960236    
   7.06999969       40.0960236    
   7.07499981       40.0960236    
   7.07999992       40.0960236    
   7.08500004       40.0960236    
   7.08999968       40.0960236    
   7.09499979       40.0960236    
   7.09999990       40.0960236    
   7.10500002       40.0960236    
   7.10999966       40.0960236    
   7.11499977       40.0960236    
   7.11999989       40.0960236    
   7.12500000       40.0960236    
   7.12999964       40.0960236    
   7.13499975       40.0960236    
   7.13999987       40.0960236    
   7.14499998       40.0960236    
   7.14999962       40.0960236    
   7.15499973       40.0960236    
   7.15999985       40.0960236    
   7.16499996       40.0960236    
   7.17000008       40.0960236    
   7.17499971       40.0960236    
   7.17999983       40.0960236    
   7.18499994       40.0960236    
   7.19000006       40.0960236    
   7.19499969       40.0960236    
   7.19999981       40.0960236    
   7.20499992       40.0960236    
   7.21000004       40.0960236    
   7.21499968       40.0960236    
   7.21999979       40.0960236    
   7.22499990       40.0960236    
   7.23000002       40.0960236    
   7.23499966       40.0960236    
   7.23999977       40.0960236    
   7.24499989       40.0960236    
   7.25000000       40.0960236    
   7.25499964       40.0960236    
   7.25999975       40.0960236    
   7.26499987       40.0960236    
   7.26999998       40.0960236    
   7.27499962       40.0960236    
   7.27999973       40.0960236    
   7.28499985       40.0960236    
   7.28999996       40.0960236    
   7.29499960       40.0960236    
   7.29999971       40.0960236    
   7.30499983       40.0960236    
   7.30999994       40.0960236    
   7.31500006       40.0960236    
   7.31999969       40.0960236    
   7.32499981       40.0960236    
   7.32999992       40.0960236    
   7.33500004       40.0960236    
   7.33999968       40.0960236    
   7.34499979       40.0960236    
   7.34999990       40.0960236    
   7.35500002       40.0960236    
   7.35999966       40.0960236    
   7.36499977       40.0960236    
   7.36999989       40.0960236    
   7.37500000       40.0960236    
   7.37999964       40.0960236    
   7.38499975       40.0960236    
   7.38999987       40.0960236    
   7.39499998       40.0960236    
   7.39999962       40.0960236    
   7.40499973       40.0960236    
   7.40999985       40.0960236    
   7.41499996       40.0960236    
   7.41999960       40.0960236    
   7.42499971       40.0960236    
   7.42999983       40.0960236    
   7.43499994       40.0960236    
   7.44000006       40.0960236    
   7.44499969       40.0960236    
   7.44999981       40.0960236    
   7.45499992       40.0960236    
   7.46000004       40.0960236    
   7.46499968       40.0960236    
   7.46999979       40.0960236    
   7.47499990       40.0960236    
   7.48000002       40.0960236    
   7.48499966       40.0960236    
   7.48999977       40.0960236    
   7.49499989       40.0960236    
   7.50000000       40.0960236    
   7.50499964       40.0960236    
   7.50999975       40.0960236    
   7.51499987       40.0960236    
   7.51999998       40.0960236    
   7.52499962       40.0960236    
   7.52999973       40.0960236    
   7.53499985       40.0960236    
   7.53999996       40.0960236    
   7.54499960       40.0960236    
   7.54999971       40.0960236    
   7.55499983       40.0960236    
   7.55999994       40.0960236    
   7.56500006       40.0960236    
   7.56999969       40.0960236    
   7.57499981       40.0960236    
   7.57999992       40.0960236    
   7.58500004       40.0960236    
   7.58999968       40.0960236    
   7.59499979       40.0960236    
   7.59999990       40.0960236    
   7.60500002       40.0960236    
   7.60999966       40.0960236    
   7.61499977       40.0960236    
   7.61999989       40.0960236    
   7.62500000       40.0960236    
   7.62999964       40.0960236    
   7.63499975       40.0960236    
   7.63999987       40.0960236    
   7.64499998       40.0960236    
   7.64999962       40.0960236    
   7.65499973       40.0960236    
   7.65999985       40.0960236    
   7.66499996       40.0960236    
   7.66999960       40.0960236    
   7.67499971       40.0960236    
   7.67999983       40.0960236    
   7.68499994       40.0960236    
   7.69000006       40.0960236    
   7.69499969       40.0960236    
   7.69999981       40.0960236    
   7.70499992       40.0960236    
   7.71000004       40.0960236    
   7.71499968       40.0960236    
   7.71999979       40.0960236    
   7.72499990       40.0960236    
   7.73000002       40.0960236    
   7.73499966       40.0960236    
   7.73999977       40.0960236    
   7.74499989       40.0960236    
   7.75000000       40.0960236    
   7.75499964       40.0960236    
   7.75999975       40.0960236    
   7.76499987       40.0960236    
   7.76999998       40.0960236    
   7.77499962       40.0960236    
   7.77999973       40.0960236    
   7.78499985       40.0960236    
   7.78999996       40.0960236    
   7.79499960       40.0960236    
   7.79999971       40.0960236    
   7.80499983       40.0960236    
   7.80999994       40.0960236    
   7.81500006       40.0960236    
   7.81999969       40.0960236    
   7.82499981       40.0960236    
   7.82999992       40.0960236    
   7.83500004       40.0960236    
   7.83999968       40.0960236    
   7.84499979       40.0960236    
   7.84999990       40.0960236    
   7.85500002       40.0960236    
   7.85999966       40.0960236    
   7.86499977       40.0960236    
   7.86999989       40.0960236    
   7.87500000       40.0960236    
   7.87999964       40.0960236    
   7.88499975       40.0960236    
   7.88999987       40.0960236    
   7.89499998       40.0960236    
   7.89999962       40.0960236    
   7.90499973       40.0960236    
   7.90999985       40.0960236    
   7.91499996       40.0960236    
   7.91999960       40.0960236    
   7.92499971       40.0960236    
   7.92999983       40.0960236    
   7.93499994       40.0960236    
   7.94000006       40.0960236    
   7.94499969       40.0960236    
   7.94999981       39.0951614    
   7.95499992       39.3570290    
   7.96000004       39.7675400    
   7.96499968       40.0896187    
   7.96999979       40.1372681    
   7.97499990       39.8829651    
   7.98000002       39.4735794    
   7.98499966       39.1455193    
   7.98999977       40.0174141    
   7.99499989       40.0174141    
   8.00000000       40.0174141    
   8.00500011       40.0174141    
   8.01000023       40.0174141    
   8.01499939       40.0174141    
   8.01999950       40.0174141    
   8.02499962       40.0174141    
   8.02999973       40.0174141    
   8.03499985       40.0174141    
   8.03999996       40.0174141    
   8.04500008       40.0174141    
   8.05000019       40.0174141    
   8.05499935       40.0174141    
   8.05999947       40.0174141    
   8.06499958       40.0174141    
   8.06999969       40.0174141    
   8.07499981       40.0174141    
   8.07999992       40.0174141    
   8.08500004       40.0174141    
   8.09000015       40.0174141    
   8.09500027       40.0174141    
   8.09999943       40.0174141    
   8.10499954       40.0174141    
   8.10999966       40.0174141    
   8.11499977       40.0174141    
   8.11999989       40.0174141    
   8.12500000       40.0174141    
   8.13000011       40.0174141    
   8.13500023       40.0174141    
   8.13999939       40.0174141    
   8.14499950       40.0174141    
   8.14999962       40.0174141    
   8.15499973       40.0174141    
   8.15999985       40.0174141    
   8.16499996       40.0174141    
   8.17000008       40.0174141    
   8.17500019       40.0174141    
   8.17999935       40.0174141    
   8.18499947       40.0174141    
   8.18999958       40.0174141    
   8.19499969       40.0174141    
   8.19999981       40.0174141    
   8.20499992       40.0174141    
   8.21000004       40.0174141    
   8.21500015       40.0174141    
   8.22000027       40.0174141    
   8.22499943       40.0174141    
   8.22999954       40.0174141    
   8.23499966       40.0174141    
   8.23999977       40.0174141    
   8.24499989       40.0174141    
   8.25000000       40.0174141    
   8.25500011       40.0174141    
   8.26000023       40.0174141    
   8.26499939       40.0174141    
   8.26999950       40.0174141    
   8.27499962       40.0174141    
   8.27999973       40.0174141    
   8.28499985       39.9484329    
   8.28999996       40.0951118    
   8.29500008       40.2507782    
   8.30000019       40.3255386    
   8.30499935       40.2762146    
   8.30999947       40.1312904    
   8.31499958       39.9744644    
   8.31999969       39.8962975    
   8.32499981       40.0987778    
   8.32999992       40.0987778    
   8.33500004       40.0987778    
   8.34000015       40.0987778    
   8.34500027       40.0987778    
   8.34999943       40.0987778    
   8.35499954       40.0987778    
   8.35999966       40.0987778    
   8.36499977       40.0987778    
   8.36999989       40.0987778    
   8.37500000       40.0987778    
   8.38000011       40.0987778    
   8.38500023       40.0987778    
   8.38999939       40.0987778    
   8.39499950       40.0987778    
   8.39999962       40.0987778    
   8.40499973       40.0987778    
   8.40999985       40.0987778    
   8.41499996       40.0987778    
   8.42000008       40.0987778    
   8.42500019       40.0987778    
   8.42999935       40.0987778    
   8.43499947       40.0987778    
   8.43999958       40.0987778    
   8.44499969       40.0987778    
   8.44999981       40.0987778    
   8.45499992       40.0987778    
   8.46000004       40.0987778    
   8.46500015       40.0987778    
   8.47000027       40.0987778    
   8.47499943       40.0987778    
   8.47999954       40.0987778    
   8.48499966       40.0987778    
   8.48999977       40.0987778    
   8.49499989       40.0987778    
   8.50000000       40.0987778    
   8.50500011       40.0987778    
   8.51000023       40.0987778    
   8.51499939       40.0987778    
   8.51999950       40.0987778    
   8.52499962       40.0987778    
   8.52999973       40.0987778    
   8.53499985       40.0987778    
   8.53999996       40.0987778    
   8.54500008       40.0987778    
   8.55000019       40.0987778    
   8.55499935       40.0987778    
   8.55999947       40.0987778    
   8.56499958       40.0987778    
   8.56999969       40.0987778    
   8.57499981       40.0987778    
   8.57999992       40.0987778    
   8.58500004       40.0987778    
   8.59000015       40.0987778    
   8.59500027       40.0987778    
   8.59999943       40.0987778    
   8.60499954       40.0987778    
   8.60999966       40.0987778    
   8.61499977       40.0987778    
   8.61999989       40.0987778    
   8.62500000       40.0987778    
   8.63000011       40.0987778    
   8.63500023       40.0987778    
   8.63999939       40.0987778    
   8.64499950       40.0987778    
   8.64999962       40.0987778    
   8.65499973       40.0987778    
   8.65999985       40.0987778    
   8.66499996       40.0987778    
   8.67000008       40.0987778    
   8.67500019       40.0987778    
   8.67999935       40.0987778    
   8.68499947       40.0987778    
   8.68999958       40.0987778    
   8.69499969       40.0987778    
   8.69999981       40.0987778    
   8.70499992       40.0987778    
   8.71000004       40.0987778    
   8.71500015       40.0987778    
   8.72000027       40.0987778    
   8.72499943       40.0987778    
   8.72999954       40.0987778    
   8.73499966       40.0987778    
   8.73999977       40.0987778    
   8.74499989       40.0987778    
   8.75000000       40.0987778    
   8.75500011       40.0987778    
   8.76000023       40.0987778    
   8.76499939       40.0987778    
   8.76999950       40.0987778    
   8.77499962       40.0987778    
   8.77999973       40.0987778    
   8.78499985       40.0987778    
   8.78999996       40.0987778    
   8.79500008       40.0987778    
   8.80000019       40.0987778    
   8.80499935       40.0987778    
   8.80999947       40.0987778    
   8.81499958       40.0987778    
   8.81999969       40.0987778    
   8.82499981       40.0987778    
   8.82999992       40.0987778    
   8.83500004       40.0987778    
   8.84000015       40.0987778    
   8.84500027       40.0987778    
   8.84999943       40.0987778    
   8.85499954       40.0987778    
   8.85999966       40.0987778    
   8.86499977       40.0987778    
   8.86999989       40.0987778    
   8.87500000       40.0987778    
   8.88000011       40.0987778    
   8.88500023       40.0987778    
   8.88999939       40.0987778    
   8.89499950       40.0987778    
   8.89999962       40.0987778    
   8.90499973       40.0987778    
   8.90999985       40.0987778    
   8.91499996       40.0987778    
   8.92000008       40.0987778    
   8.92500019       40.0987778    
   8.92999935       40.0987778    
   8.93499947       40.0987778    
   8.93999958       40.0987778    
   8.94499969       40.0987778    
   8.94999981       40.0987778    
   8.95499992       40.0987778    
   8.96000004       40.0987778    
   8.96500015       40.0987778    
   8.97000027       40.0987778    
   8.97499943       40.0987778    
   8.97999954       40.0987778    
   8.98499966       40.0987778    
   8.98999977       40.0987778    
   8.99499989       40.0987778    
   9.00000000       40.0987778    
   9.00500011       40.0987778    
   9.01000023       40.0987778    
   9.01499939       40.0987778    
   9.01999950       40.0987778    
   9.02499962       40.0987778    
   9.02999973       40.0987778    
   9.03499985       40.0987778    
   9.03999996       40.0987778    
   9.04500008       40.0987778    
   9.05000019       40.0987778    
   9.05499935       40.0987778    
   9.05999947       40.0987778    
   9.06499958       40.0987778    
   9.06999969       40.0987778    
   9.07499981       40.0987778    
   9.07999992       40.0987778    
   9.08500004       40.0987778    
   9.09000015       40.0987778    
   9.09500027       40.0987778    
   9.09999943       40.0987778    
   9.10499954       40.0987778    
   9.10999966       40.0987778    
   9.11499977       40.0987778    
   9.11999989       40.0987778    
   9.12500000       40.0987778    
   9.13000011       40.0987778    
   9.13500023       40.0987778    
   9.13999939       40.0987778    
   9.14499950       40.0987778    
   9.14999962       40.0987778    
   9.15499973       40.0987778    
   9.15999985       40.0987778    
   9.16499996       40.0987778    
   9.17000008       40.0987778    
   9.17500019       40.0987778    
   9.17999935       40.0987778    
   9.18499947       40.0987778    
   9.18999958       40.0987778    
   9.19499969       40.0987778    
   9.19999981       40.0987778    
   9.20499992       40.0987778    
   9.21000004       40.0987778    
   9.21500015       40.0987778    
   9.22000027       40.0987778    
   9.22499943       40.0987778    
   9.22999954       40.0987778    
   9.23499966       40.0987778    
   9.23999977       40.0987778    
   9.24499989       40.0987778    
   9.25000000       40.0987778    
   9.25500011       40.0987778    
   9.26000023       40.0987778    
   9.26499939       40.0987778    
   9.26999950       40.0987778    
   9.27499962       40.0987778    
   9.27999973       40.0987778    
   9.28499985       40.0987778    
   9.28999996       40.0987778    
   9.29500008       40.0987778    
   9.30000019       40.0987778    
   9.30499935       40.0987778    
   9.30999947       39.9237862    
   9.31499958       40.3016930    
   9.31999969       40.7028580    
   9.32499981       40.8951492    
   9.32999992       40.7679672    
   9.33500004       40.3945885    
   9.34000015       39.9905510    
   9.34500027       39.7893982    
   9.34999943       40.3088493    
   9.35499954       40.3088493    
   9.35999966       40.3088493    
   9.36499977       40.3088493    
   9.36999989       40.3088493    
   9.37500000       40.3088493    
   9.38000011       40.3088493    
   9.38500023       40.3088493    
   9.38999939       40.3088493    
   9.39499950       40.3088493    
   9.39999962       40.3088493    
   9.40499973       40.3088493    
   9.40999985       40.3088493    
   9.41499996       40.3088493    
   9.42000008       40.3088493    
   9.42500019       40.3088493    
   9.42999935       40.3088493    
   9.43499947       40.3088493    
   9.43999958       40.3088493    
   9.44499969       40.3088493    
   9.44999981       40.3088493    
   9.45499992       40.3088493    
   9.46000004       40.3088493    
   9.46500015       40.3088493    
   9.46999931       40.3088493    
   9.47499943       40.3088493    
   9.47999954       40.3088493    
   9.48499966       40.3088493    
   9.48999977       40.3088493    
   9.49499989       40.3088493    
   9.50000000       40.3088493    
   9.50500011       40.3088493    
   9.51000023       40.3088493    
   9.51499939       40.3088493    
   9.51999950       40.3088493    
   9.52499962       40.3088493    
   9.52999973       40.3088493    
   9.53499985       40.3088493    
   9.53999996       40.3088493    
   9.54500008       40.3088493    
   9.55000019       40.3088493    
   9.55499935       40.3088493    
   9.55999947       40.3088493    
   9.56499958       40.3088493    
   9.56999969       40.3088493    
   9.57499981       40.3088493    
   9.57999992       40.3088493    
   9.58500004       40.3088493    
   9.59000015       40.3088493    
   9.59499931       40.3088493    
   9.59999943       40.3088493    
   9.60499954       40.3088493    
   9.60999966       40.3088493    
   9.61499977       40.3088493    
   9.61999989       40.3088493    
   9.62500000       40.3088493    
   9.63000011       40.3088493    
   9.63500023       40.3088493    
   9.63999939       40.3088493    
   9.64499950       40.3088493    
   9.64999962       40.3088493    
   9.65499973       40.3088493    
   9.65999985       40.3088493    
   9.66499996       40.3088493    
   9.67000008       40.3088493    
   9.67500019       40.3088493    
   9.67999935       40.3088493    
   9.68499947       40.3088493    
   9.68999958       40.3088493    
   9.69499969       40.3088493    
   9.69999981       40.3088493    
   9.70499992       40.3088493    
   9.71000004       40.3088493    
   9.71500015       40.3088493    
   9.71999931       40.3088493    
   9.72499943       40.3088493    
   9.72999954       40.3088493    
   9.73499966       40.3088493    
   9.73999977       40.3088493    
   9.74499989       40.3088493    
   9.75000000       40.3088493    
   9.75500011       40.3088493    
   9.76000023       40.3088493    
   9.76499939       40.3088493    
   9.76999950       40.3088493    
   9.77499962       40.3088493    
   9.77999973       40.3088493    
   9.78499985       40.3088493    
   9.78999996       40.3088493    
   9.79500008       40.3088493    
   9.80000019       40.3088493    
   9.80499935       40.3088493    
   9.80999947       40.3088493    
   9.81499958       40.3088493    
   9.81999969       40.3088493    
   9.82499981       40.3088493    
   9.82999992       40.3088493    
   9.83500004       40.3088493    
   9.84000015       40.3088493    
   9.84499931       40.3088493    
   9.84999943       40.3088493    
   9.85499954       40.3088493    
   9.85999966       40.3088493    
   9.86499977       40.3088493    
   9.86999989       40.3088493    
   9.87500000       40.3088493    
   9.88000011       40.3088493    
   9.88500023       40.3088493    
   9.88999939       40.3088493    
   9.89499950       40.3088493    
   9.89999962       40.3088493    
   9.90499973       40.3088493    
   9.90999985       40.3088493    
   9.91499996       40.3088493    
   9.92000008       40.3088493    
   9.92500019       40.3088493    
   9.92999935       40.3088493    
   9.93499947       40.3088493    
   9.93999958       40.3088493    
   9.94499969       40.3088493    
   9.94999981       40.3088493    
   9.95499992       40.3088493    
   9.96000004       40.3088493    
   9.96500015       40.3088493    
   9.96999931       40.3088493    
   9.97499943       40.3088493    
   9.97999954       40.3088493    
   9.98499966       40.3088493    
   9.98999977       40.3088493    
   9.99499989       40.3088493    
   10.0000000       40.3088493    
