   9.99999978E-03   40.0000000    
   1.99999996E-02   40.0000000    
   2.99999993E-02   40.0000000    
   3.99999991E-02   40.0000000    
   4.99999970E-02   40.0000000    
   5.99999987E-02   40.0000000    
   7.00000003E-02   40.0000000    
   7.99999982E-02   40.0000000    
   8.99999961E-02   40.0000000    
   9.99999940E-02   40.0000000    
  0.109999999       40.0000000    
  0.119999997       40.0000000    
  0.129999995       40.0000000    
  0.140000001       40.0000000    
  0.149999991       40.0000000    
  0.159999996       40.0000000    
  0.170000002       37.9441681    
  0.179999992       39.9138947    
  0.189999998       39.4847183    
  0.199999988       37.5321579    
  0.209999993       39.8397751    
  0.219999999       39.8397751    
  0.229999989       39.8397751    
  0.239999995       39.8397751    
  0.250000000       39.8397751    
  0.259999990       39.8397751    
  0.269999981       39.8397751    
  0.280000001       39.8397751    
  0.289999992       39.8397751    
  0.299999982       39.8397751    
  0.310000002       39.8397751    
  0.319999993       39.8397751    
  0.329999983       39.8397751    
  0.340000004       39.8397751    
  0.349999994       39.8397751    
  0.359999985       39.8397751    
  0.370000005       39.8397751    
  0.379999995       39.8397751    
  0.389999986       39.8397751    
  0.399999976       39.8397751    
  0.409999996       39.8397751    
  0.419999987       39.8397751    
  0.429999977       39.8397751    
  0.439999998       39.8397751    
  0.449999988       39.8397751    
  0.459999979       39.8397751    
  0.469999999       39.8397751    
  0.479999989       39.8397751    
  0.489999980       39.8397751    
  0.500000000       39.8397751    
  0.509999990       39.8397751    
  0.519999981       39.8397751    
  0.529999971       39.8397751    
  0.539999962       39.8397751    
  0.550000012       39.8397751    
  0.560000002       39.8397751    
  0.569999993       39.8397751    
  0.579999983       39.8397751    
  0.589999974       39.8397751    
  0.599999964       39.8397751    
  0.610000014       39.8397751    
  0.620000005       39.8397751    
  0.629999995       39.8397751    
  0.639999986       39.8397751    
  0.649999976       39.8397751    
  0.659999967       39.8397751    
  0.669999957       39.8397751    
  0.680000007       39.8397751    
  0.689999998       39.8397751    
  0.699999988       39.8397751    
  0.709999979       39.8397751    
  0.719999969       39.8397751    
  0.729999959       39.8397751    
  0.740000010       39.8397751    
  0.750000000       39.8397751    
  0.759999990       39.8397751    
  0.769999981       39.8397751    
  0.779999971       39.8397751    
  0.789999962       39.8397751    
  0.799999952       39.8397751    
  0.810000002       39.8397751    
  0.819999993       39.8397751    
  0.829999983       39.8397751    
  0.839999974       39.8397751    
  0.849999964       39.8397751    
  0.859999955       39.8397751    
  0.870000005       39.8397751    
  0.879999995       39.8397751    
  0.889999986       39.8397751    
  0.899999976       39.8397751    
  0.909999967       39.8397751    
  0.919999957       39.8397751    
  0.930000007       39.8397751    
  0.939999998       39.8397751    
  0.949999988       39.8397751    
  0.959999979       39.8397751    
  0.969999969       39.8397751    
  0.979999959       39.8397751    
  0.989999950       39.8397751    
   1.00000000       39.8397751    
   1.00999999       39.8397751    
   1.01999998       39.8397751    
   1.02999997       39.8397751    
   1.03999996       39.8397751    
   1.04999995       39.8397751    
   1.05999994       39.8397751    
   1.06999993       39.8397751    
   1.07999992       39.8397751    
   1.09000003       39.8397751    
   1.10000002       39.8397751    
   1.11000001       39.8397751    
   1.12000000       39.8397751    
   1.13000000       39.8397751    
   1.13999999       39.8397751    
   1.14999998       39.8397751    
   1.15999997       39.8397751    
   1.16999996       39.8397751    
   1.17999995       39.8397751    
   1.18999994       39.8397751    
   1.19999993       39.8397751    
   1.20999992       39.8397751    
   1.22000003       39.8397751    
   1.23000002       38.2049637    
   1.24000001       40.4058800    
   1.25000000       39.4911079    
   1.25999999       37.3268471    
   1.26999998       39.4983139    
   1.27999997       39.4983139    
   1.28999996       39.4983139    
   1.29999995       39.4983139    
   1.30999994       39.4983139    
   1.31999993       39.4983139    
   1.32999992       39.4983139    
   1.33999991       39.4983139    
   1.35000002       39.4983139    
   1.36000001       39.4983139    
   1.37000000       39.4983139    
   1.38000000       39.4983139    
   1.38999999       39.4983139    
   1.39999998       39.4983139    
   1.40999997       39.4983139    
   1.41999996       39.4983139    
   1.42999995       39.4983139    
   1.43999994       39.4983139    
   1.44999993       39.4983139    
   1.45999992       39.4983139    
   1.46999991       39.4983139    
   1.48000002       39.4983139    
   1.49000001       39.4983139    
   1.50000000       39.4983139    
   1.50999999       39.4983139    
   1.51999998       39.4983139    
   1.52999997       39.4983139    
   1.53999996       39.4983139    
   1.54999995       39.4983139    
   1.55999994       39.4983139    
   1.56999993       39.4983139    
   1.57999992       39.4983139    
   1.58999991       39.4983139    
   1.59999990       39.4983139    
   1.61000001       39.4983139    
   1.62000000       39.4983139    
   1.63000000       39.4983139    
   1.63999999       39.4983139    
   1.64999998       39.4983139    
   1.65999997       39.4983139    
   1.66999996       39.4983139    
   1.67999995       39.4983139    
   1.68999994       39.4983139    
   1.69999993       39.4983139    
   1.70999992       39.4983139    
   1.71999991       39.4983139    
   1.73000002       39.4983139    
   1.74000001       39.4983139    
   1.75000000       39.4983139    
   1.75999999       39.4983139    
   1.76999998       39.4983139    
   1.77999997       39.4983139    
   1.78999996       39.4983139    
   1.79999995       39.4983139    
   1.80999994       39.4983139    
   1.81999993       39.4983139    
   1.82999992       39.4983139    
   1.83999991       39.4983139    
   1.84999990       39.4983139    
   1.86000001       40.9968071    
   1.87000000       42.6062927    
   1.88000000       40.9196358    
   1.88999999       39.8493767    
   1.89999998       39.8493767    
   1.90999997       39.8493767    
   1.91999996       39.8493767    
   1.92999995       39.8493767    
   1.93999994       39.8493767    
   1.94999993       39.8493767    
   1.95999992       39.8493767    
   1.96999991       39.8493767    
   1.97999990       39.8493767    
   1.99000001       39.8493767    
   2.00000000       39.8493767    
   2.00999999       39.8493767    
   2.01999998       39.8493767    
   2.02999997       39.8493767    
   2.03999996       39.8493767    
   2.04999995       39.8493767    
   2.05999994       39.8493767    
   2.06999993       39.8493767    
   2.07999992       39.8493767    
   2.08999991       39.8493767    
   2.09999990       39.8493767    
   2.10999990       39.8493767    
   2.11999989       39.8493767    
   2.12999988       39.8493767    
   2.13999987       39.8493767    
   2.14999986       39.8493767    
   2.15999985       39.8493767    
   2.16999984       39.8493767    
   2.18000007       39.8493767    
   2.19000006       39.8493767    
   2.20000005       39.8493767    
   2.21000004       39.8493767    
   2.22000003       39.8493767    
   2.23000002       39.8493767    
   2.24000001       39.8493767    
   2.25000000       39.8493767    
   2.25999999       39.8493767    
   2.26999998       39.8493767    
   2.27999997       39.8493767    
   2.28999996       39.8493767    
   2.29999995       39.8493767    
   2.30999994       39.8493767    
   2.31999993       39.8493767    
   2.32999992       39.8493767    
   2.33999991       39.8493767    
   2.34999990       39.8493767    
   2.35999990       39.8493767    
   2.36999989       39.8493767    
   2.37999988       39.8493767    
   2.38999987       39.8493767    
   2.39999986       39.8493767    
   2.40999985       39.8493767    
   2.41999984       39.8493767    
   2.42999983       39.8493767    
   2.44000006       39.8493767    
   2.45000005       39.8493767    
   2.46000004       39.8493767    
   2.47000003       39.8493767    
   2.48000002       39.8493767    
   2.49000001       39.8493767    
   2.50000000       39.8493767    
   2.50999999       39.8493767    
   2.51999998       39.8493767    
   2.52999997       39.8493767    
   2.53999996       39.8493767    
   2.54999995       39.8493767    
   2.55999994       39.8493767    
   2.56999993       39.8493767    
   2.57999992       39.8493767    
   2.58999991       39.8493767    
   2.59999990       39.8493767    
   2.60999990       39.8493767    
   2.61999989       39.8493767    
   2.62999988       39.8493767    
   2.63999987       39.8493767    
   2.64999986       39.8493767    
   2.65999985       39.8493767    
   2.66999984       39.8493767    
   2.67999983       39.8493767    
   2.69000006       39.8493767    
   2.70000005       39.8493767    
   2.71000004       39.8493767    
   2.72000003       39.8493767    
   2.73000002       39.8493767    
   2.74000001       39.8493767    
   2.75000000       39.8493767    
   2.75999999       39.8493767    
   2.76999998       39.8493767    
   2.77999997       39.8493767    
   2.78999996       39.8493767    
   2.79999995       39.8493767    
   2.80999994       37.9264221    
   2.81999993       40.1210327    
   2.82999992       39.3779526    
   2.83999991       37.2130661    
   2.84999990       39.5719643    
   2.85999990       39.5719643    
   2.86999989       39.5719643    
   2.87999988       39.5719643    
   2.88999987       39.5719643    
   2.89999986       39.5719643    
   2.90999985       39.5719643    
   2.91999984       39.5719643    
   2.92999983       39.5719643    
   2.93999982       39.5719643    
   2.95000005       39.5719643    
   2.96000004       39.5719643    
   2.97000003       39.5719643    
   2.98000002       39.5719643    
   2.99000001       39.5719643    
   3.00000000       39.5719643    
   3.00999999       39.5719643    
   3.01999998       39.5719643    
   3.02999997       39.5719643    
   3.03999996       39.5719643    
   3.04999995       39.5719643    
   3.05999994       39.5719643    
   3.06999993       39.5719643    
   3.07999992       39.5719643    
   3.08999991       39.5719643    
   3.09999990       39.5719643    
   3.10999990       39.5719643    
   3.11999989       39.5719643    
   3.12999988       39.5719643    
   3.13999987       39.5719643    
   3.14999986       39.5719643    
   3.15999985       39.5719643    
   3.16999984       39.5719643    
   3.17999983       39.5719643    
   3.18999982       39.5719643    
   3.19999981       39.5719643    
   3.21000004       39.5719643    
   3.22000003       39.5719643    
   3.23000002       39.5719643    
   3.24000001       39.5719643    
   3.25000000       39.5719643    
   3.25999999       39.5719643    
   3.26999998       39.5719643    
   3.27999997       39.5719643    
   3.28999996       39.5719643    
   3.29999995       39.5719643    
   3.30999994       39.5719643    
   3.31999993       39.5719643    
   3.32999992       39.5719643    
   3.33999991       39.5719643    
   3.34999990       39.5719643    
   3.35999990       39.5719643    
   3.36999989       39.5719643    
   3.37999988       39.5719643    
   3.38999987       39.5719643    
   3.39999986       39.5719643    
   3.40999985       39.5719643    
   3.41999984       39.5719643    
   3.42999983       39.5719643    
   3.43999982       39.5719643    
   3.44999981       39.5719643    
   3.46000004       39.5719643    
   3.47000003       39.5719643    
   3.48000002       39.5719643    
   3.49000001       39.5719643    
   3.50000000       39.5719643    
   3.50999999       39.5719643    
   3.51999998       39.5719643    
   3.52999997       40.2414246    
   3.53999996       41.9681816    
   3.54999995       40.4603386    
   3.55999994       38.7938957    
   3.56999993       39.0090370    
   3.57999992       39.0090370    
   3.58999991       39.0090370    
   3.59999990       39.0090370    
   3.60999990       39.0090370    
   3.61999989       39.0090370    
   3.62999988       39.0090370    
   3.63999987       39.0090370    
   3.64999986       39.0090370    
   3.65999985       39.0090370    
   3.66999984       39.0090370    
   3.67999983       39.0090370    
   3.68999982       39.0090370    
   3.69999981       39.0090370    
   3.70999980       39.0090370    
   3.72000003       39.0090370    
   3.73000002       39.0090370    
   3.74000001       39.0090370    
   3.75000000       39.0090370    
   3.75999999       39.0090370    
   3.76999998       39.0090370    
   3.77999997       39.0090370    
   3.78999996       39.0090370    
   3.79999995       39.0090370    
   3.80999994       39.0090370    
   3.81999993       39.0090370    
   3.82999992       39.0090370    
   3.83999991       39.0090370    
   3.84999990       39.0090370    
   3.85999990       39.0090370    
   3.86999989       39.0090370    
   3.87999988       39.0090370    
   3.88999987       39.0090370    
   3.89999986       39.0090370    
   3.90999985       39.0090370    
   3.91999984       39.0090370    
   3.92999983       39.0090370    
   3.93999982       39.0090370    
   3.94999981       39.0090370    
   3.95999980       39.0090370    
   3.97000003       39.0090370    
   3.98000002       39.0090370    
   3.99000001       39.0090370    
   4.00000000       39.0090370    
   4.00999975       39.0090370    
   4.01999998       39.0090370    
   4.02999973       39.0090370    
   4.03999996       39.0090370    
   4.04999971       39.0090370    
   4.05999994       39.0090370    
   4.06999969       39.0090370    
   4.07999992       39.0090370    
   4.08999968       39.0090370    
   4.09999990       39.0090370    
   4.11000013       39.0090370    
   4.11999989       39.0090370    
   4.13000011       39.0090370    
   4.13999987       39.0090370    
   4.15000010       39.0090370    
   4.15999985       39.0090370    
   4.17000008       39.0090370    
   4.17999983       39.0090370    
   4.19000006       39.0090370    
   4.19999981       39.0090370    
   4.21000004       39.0090370    
   4.21999979       39.0090370    
   4.23000002       39.0090370    
   4.23999977       39.0090370    
   4.25000000       39.0090370    
   4.25999975       39.0090370    
   4.26999998       39.0090370    
   4.27999973       39.0090370    
   4.28999996       39.0090370    
   4.29999971       39.0090370    
   4.30999994       39.0090370    
   4.31999969       39.0090370    
   4.32999992       39.0090370    
   4.33999968       39.0090370    
   4.34999990       39.0090370    
   4.36000013       39.0090370    
   4.36999989       39.0090370    
   4.38000011       39.0090370    
   4.38999987       39.0090370    
   4.40000010       36.7161865    
   4.40999985       38.9166107    
   4.42000008       38.4341774    
   4.42999983       36.2531281    
   4.44000006       38.8290024    
   4.44999981       38.8290024    
   4.46000004       38.8290024    
   4.46999979       38.8290024    
   4.48000002       38.8290024    
   4.48999977       38.8290024    
   4.50000000       38.8290024    
   4.50999975       38.8290024    
   4.51999998       38.8290024    
   4.52999973       38.8290024    
   4.53999996       38.8290024    
   4.54999971       38.8290024    
   4.55999994       38.8290024    
   4.56999969       38.8290024    
   4.57999992       38.8290024    
   4.58999968       38.8290024    
   4.59999990       38.8290024    
   4.61000013       38.8290024    
   4.61999989       38.8290024    
   4.63000011       38.8290024    
   4.63999987       38.8290024    
   4.65000010       38.8290024    
   4.65999985       38.8290024    
   4.67000008       38.8290024    
   4.67999983       38.8290024    
   4.69000006       38.8290024    
   4.69999981       38.8290024    
   4.71000004       38.8290024    
   4.71999979       38.8290024    
   4.73000002       38.8290024    
   4.73999977       38.8290024    
   4.75000000       38.8290024    
   4.75999975       38.8290024    
   4.76999998       38.8290024    
   4.77999973       38.8290024    
   4.78999996       38.8290024    
   4.79999971       38.8290024    
   4.80999994       38.8290024    
   4.81999969       38.8290024    
   4.82999992       38.8290024    
   4.83999968       38.8290024    
   4.84999990       38.8290024    
   4.85999966       38.8290024    
   4.86999989       38.8290024    
   4.88000011       38.8290024    
   4.88999987       38.8290024    
   4.90000010       38.8290024    
   4.90999985       38.8290024    
   4.92000008       38.8290024    
   4.92999983       38.8290024    
   4.94000006       38.8290024    
   4.94999981       38.8290024    
   4.96000004       38.8290024    
   4.96999979       38.8290024    
   4.98000002       38.8290024    
   4.98999977       38.8290024    
   5.00000000       38.8290024    
   5.00999975       38.8290024    
   5.01999998       38.8290024    
   5.02999973       38.8290024    
   5.03999996       38.8290024    
   5.04999971       38.8290024    
   5.05999994       38.8290024    
   5.06999969       38.8290024    
   5.07999992       38.8290024    
   5.08999968       38.8290024    
   5.09999990       38.8290024    
   5.10999966       38.8290024    
   5.11999989       38.8290024    
   5.13000011       38.8290024    
   5.13999987       38.8290024    
   5.15000010       38.8290024    
   5.15999985       38.8290024    
   5.17000008       38.8290024    
   5.17999983       38.8290024    
   5.19000006       38.8290024    
   5.19999981       38.8290024    
   5.21000004       38.8290024    
   5.21999979       36.5183449    
   5.23000002       38.4535103    
   5.23999977       38.8295326    
   5.25000000       36.8795853    
   5.25999975       38.9696732    
   5.26999998       38.9696732    
   5.27999973       38.9696732    
   5.28999996       38.9696732    
   5.29999971       38.9696732    
   5.30999994       38.9696732    
   5.31999969       38.9696732    
   5.32999992       38.9696732    
   5.33999968       38.9696732    
   5.34999990       38.9696732    
   5.35999966       38.9696732    
   5.36999989       38.9696732    
   5.38000011       38.9696732    
   5.38999987       38.9696732    
   5.40000010       38.9696732    
   5.40999985       38.9696732    
   5.42000008       38.9696732    
   5.42999983       38.9696732    
   5.44000006       38.9696732    
   5.44999981       38.9696732    
   5.46000004       38.9696732    
   5.46999979       38.9696732    
   5.48000002       38.9696732    
   5.48999977       38.9696732    
   5.50000000       38.9696732    
   5.50999975       38.9696732    
   5.51999998       38.9696732    
   5.52999973       38.9696732    
   5.53999996       38.9696732    
   5.54999971       38.9696732    
   5.55999994       38.9696732    
   5.56999969       38.9696732    
   5.57999992       38.9696732    
   5.58999968       38.9696732    
   5.59999990       38.9696732    
   5.60999966       38.9696732    
   5.61999989       38.9696732    
   5.62999964       38.9696732    
   5.63999987       38.9696732    
   5.65000010       38.9696732    
   5.65999985       38.9696732    
   5.67000008       38.9696732    
   5.67999983       38.9696732    
   5.69000006       38.9696732    
   5.69999981       38.9696732    
   5.71000004       38.9696732    
   5.71999979       38.9696732    
   5.73000002       38.9696732    
   5.73999977       38.9696732    
   5.75000000       38.9696732    
   5.75999975       38.9696732    
   5.76999998       38.9696732    
   5.77999973       38.9696732    
   5.78999996       38.9696732    
   5.79999971       38.9696732    
   5.80999994       38.9696732    
   5.81999969       38.9696732    
   5.82999992       38.9696732    
   5.83999968       38.9696732    
   5.84999990       38.9696732    
   5.85999966       38.9696732    
   5.86999989       38.9696732    
   5.87999964       38.9696732    
   5.88999987       38.9696732    
   5.90000010       38.9696732    
   5.90999985       38.9696732    
   5.92000008       38.9696732    
   5.92999983       38.9696732    
   5.94000006       38.9696732    
   5.94999981       38.9696732    
   5.96000004       38.9696732    
   5.96999979       38.9696732    
   5.98000002       38.9696732    
   5.98999977       38.9696732    
   6.00000000       38.8662376    
   6.00999975       40.8426704    
   6.01999998       39.4245720    
   6.02999973       37.5048599    
   6.03999996       38.4402466    
   6.04999971       38.4402466    
   6.05999994       38.4402466    
   6.06999969       38.4402466    
   6.07999992       38.4402466    
   6.08999968       38.4402466    
   6.09999990       38.4402466    
   6.10999966       38.4402466    
   6.11999989       38.4402466    
   6.12999964       38.4402466    
   6.13999987       38.4402466    
   6.15000010       38.4402466    
   6.15999985       38.4402466    
   6.17000008       38.4402466    
   6.17999983       38.4402466    
   6.19000006       38.4402466    
   6.19999981       38.4402466    
   6.21000004       38.4402466    
   6.21999979       38.4402466    
   6.23000002       38.4402466    
   6.23999977       38.4402466    
   6.25000000       38.4402466    
   6.25999975       38.4402466    
   6.26999998       38.4402466    
   6.27999973       38.4402466    
   6.28999996       38.4402466    
   6.29999971       38.4402466    
   6.30999994       38.4402466    
   6.31999969       38.4402466    
   6.32999992       38.4402466    
   6.33999968       38.4402466    
   6.34999990       38.4402466    
   6.35999966       38.4402466    
   6.36999989       38.4402466    
   6.37999964       38.4402466    
   6.38999987       38.4402466    
   6.39999962       38.4402466    
   6.40999985       38.4402466    
   6.42000008       38.4402466    
   6.42999983       38.4402466    
   6.44000006       38.4402466    
   6.44999981       38.4402466    
   6.46000004       38.4402466    
   6.46999979       38.4402466    
   6.48000002       38.4402466    
   6.48999977       38.4402466    
   6.50000000       38.4402466    
   6.50999975       38.4402466    
   6.51999998       38.4402466    
   6.52999973       38.4402466    
   6.53999996       38.4402466    
   6.54999971       38.4402466    
   6.55999994       38.4402466    
   6.56999969       38.4402466    
   6.57999992       38.4402466    
   6.58999968       38.4402466    
   6.59999990       38.4402466    
   6.60999966       38.4402466    
   6.61999989       38.4402466    
   6.62999964       38.4402466    
   6.63999987       38.4402466    
   6.64999962       38.4402466    
   6.65999985       38.4402466    
   6.67000008       38.4402466    
   6.67999983       38.4402466    
   6.69000006       38.4402466    
   6.69999981       38.4402466    
   6.71000004       38.4402466    
   6.71999979       38.4402466    
   6.73000002       38.4402466    
   6.73999977       38.4402466    
   6.75000000       38.4402466    
   6.75999975       38.4402466    
   6.76999998       38.4402466    
   6.77999973       38.4402466    
   6.78999996       38.4402466    
   6.79999971       38.4402466    
   6.80999994       38.4402466    
   6.81999969       38.4402466    
   6.82999992       38.4402466    
   6.83999968       38.4402466    
   6.84999990       38.4402466    
   6.85999966       38.4402466    
   6.86999989       38.4402466    
   6.87999964       38.4402466    
   6.88999987       38.4402466    
   6.89999962       38.4402466    
   6.90999985       36.0450401    
   6.92000008       38.0098038    
   6.92999983       38.1729050    
   6.94000006       36.2016182    
   6.94999981       38.5011368    
   6.96000004       38.5011368    
   6.96999979       38.5011368    
   6.98000002       38.5011368    
   6.98999977       38.5011368    
   7.00000000       38.5011368    
   7.00999975       38.5011368    
   7.01999998       38.5011368    
   7.02999973       38.5011368    
   7.03999996       38.5011368    
   7.04999971       38.5011368    
   7.05999994       38.5011368    
   7.06999969       38.5011368    
   7.07999992       38.5011368    
   7.08999968       38.5011368    
   7.09999990       38.5011368    
   7.10999966       38.5011368    
   7.11999989       38.5011368    
   7.12999964       38.5011368    
   7.13999987       38.5011368    
   7.14999962       38.5011368    
   7.15999985       38.5011368    
   7.17000008       38.5011368    
   7.17999983       38.5011368    
   7.19000006       38.5011368    
   7.19999981       38.5011368    
   7.21000004       38.5011368    
   7.21999979       38.5011368    
   7.23000002       38.5011368    
   7.23999977       38.5011368    
   7.25000000       38.5011368    
   7.25999975       38.5011368    
   7.26999998       38.5011368    
   7.27999973       38.5011368    
   7.28999996       38.5011368    
   7.29999971       38.5011368    
   7.30999994       38.5011368    
   7.31999969       38.5011368    
   7.32999992       38.5011368    
   7.33999968       38.5011368    
   7.34999990       38.5011368    
   7.35999966       38.5011368    
   7.36999989       38.5011368    
   7.37999964       38.5011368    
   7.38999987       38.5011368    
   7.39999962       38.5011368    
   7.40999985       38.5011368    
   7.41999960       38.5011368    
   7.42999983       38.5011368    
   7.44000006       38.5011368    
   7.44999981       38.5011368    
   7.46000004       38.5011368    
   7.46999979       38.5011368    
   7.48000002       38.5011368    
   7.48999977       38.5011368    
   7.50000000       38.5011368    
   7.50999975       38.5011368    
   7.51999998       38.5011368    
   7.52999973       38.5011368    
   7.53999996       38.5011368    
   7.54999971       38.5011368    
   7.55999994       38.5011368    
   7.56999969       38.5011368    
   7.57999992       38.5011368    
   7.58999968       38.5011368    
   7.59999990       38.5011368    
   7.60999966       37.6295929    
   7.61999989       39.5415993    
   7.62999964       40.9837875    
   7.63999987       39.0141029    
   7.64999962       39.0397339    
   7.65999985       39.0397339    
   7.66999960       39.0397339    
   7.67999983       39.0397339    
   7.69000006       39.0397339    
   7.69999981       39.0397339    
   7.71000004       39.0397339    
   7.71999979       39.0397339    
   7.73000002       39.0397339    
   7.73999977       39.0397339    
   7.75000000       39.0397339    
   7.75999975       39.0397339    
   7.76999998       39.0397339    
   7.77999973       39.0397339    
   7.78999996       39.0397339    
   7.79999971       39.0397339    
   7.80999994       39.0397339    
   7.81999969       39.0397339    
   7.82999992       39.0397339    
   7.83999968       39.0397339    
   7.84999990       39.0397339    
   7.85999966       39.0397339    
   7.86999989       39.0397339    
   7.87999964       39.0397339    
   7.88999987       39.0397339    
   7.89999962       39.0397339    
   7.90999985       39.0397339    
   7.91999960       39.0397339    
   7.92999983       39.0397339    
   7.94000006       39.0397339    
   7.94999981       39.0397339    
   7.96000004       39.0397339    
   7.96999979       39.0397339    
   7.98000002       39.0397339    
   7.98999977       39.0397339    
   8.00000000       39.0397339    
   8.01000023       39.0397339    
   8.01999950       39.0397339    
   8.02999973       39.0397339    
   8.03999996       39.0397339    
   8.05000019       39.0397339    
   8.05999947       39.0397339    
   8.06999969       39.0397339    
   8.07999992       39.0397339    
   8.09000015       39.0397339    
   8.09999943       39.0397339    
   8.10999966       39.0397339    
   8.11999989       39.0397339    
   8.13000011       39.0397339    
   8.13999939       39.0397339    
   8.14999962       39.0397339    
   8.15999985       39.0397339    
   8.17000008       39.0397339    
   8.17999935       39.0397339    
   8.18999958       39.0397339    
   8.19999981       39.0397339    
   8.21000004       39.0397339    
   8.22000027       39.0397339    
   8.22999954       39.0397339    
   8.23999977       39.0397339    
   8.25000000       39.0397339    
   8.26000023       39.0397339    
   8.26999950       39.0397339    
   8.27999973       39.0397339    
   8.28999996       39.0397339    
   8.30000019       39.0397339    
   8.30999947       39.0397339    
   8.31999969       39.0397339    
   8.32999992       39.0397339    
   8.34000015       39.0397339    
   8.34999943       39.0397339    
   8.35999966       39.0397339    
   8.36999989       39.0397339    
   8.38000011       39.0397339    
   8.38999939       39.0397339    
   8.39999962       39.0397339    
   8.40999985       39.0397339    
   8.42000008       39.0397339    
   8.42999935       39.0397339    
   8.43999958       39.0397339    
   8.44999981       39.0397339    
   8.46000004       39.0397339    
   8.47000027       39.0397339    
   8.47999954       39.0397339    
   8.48999977       39.0397339    
   8.50000000       39.0397339    
   8.51000023       39.0397339    
   8.51999950       39.0397339    
   8.52999973       39.0397339    
   8.53999996       39.0397339    
   8.55000019       39.0397339    
   8.55999947       39.0397339    
   8.56999969       39.0397339    
   8.57999992       39.0397339    
   8.59000015       39.0397339    
   8.59999943       38.0184860    
   8.60999966       39.8771973    
   8.61999989       38.9251976    
   8.63000011       37.1045456    
   8.63999939       38.6842613    
   8.64999962       38.6842613    
   8.65999985       38.6842613    
   8.67000008       38.6842613    
   8.67999935       38.6842613    
   8.68999958       38.6842613    
   8.69999981       38.6842613    
   8.71000004       38.6842613    
   8.72000027       38.6842613    
   8.72999954       38.6842613    
   8.73999977       38.6842613    
   8.75000000       38.6842613    
   8.76000023       38.6842613    
   8.76999950       38.6842613    
   8.77999973       38.6842613    
   8.78999996       38.6842613    
   8.80000019       38.6842613    
   8.80999947       38.6842613    
   8.81999969       38.6842613    
   8.82999992       38.6842613    
   8.84000015       38.6842613    
   8.84999943       38.6842613    
   8.85999966       38.6842613    
   8.86999989       38.6842613    
   8.88000011       38.6842613    
   8.88999939       38.6842613    
   8.89999962       38.6842613    
   8.90999985       38.6842613    
   8.92000008       38.6842613    
   8.92999935       38.6842613    
   8.93999958       38.6842613    
   8.94999981       38.6842613    
   8.96000004       38.6842613    
   8.97000027       38.6842613    
   8.97999954       38.6842613    
   8.98999977       38.6842613    
   9.00000000       38.6842613    
   9.01000023       38.6842613    
   9.01999950       38.6842613    
   9.02999973       38.6842613    
   9.03999996       38.6842613    
   9.05000019       38.6842613    
   9.05999947       38.6842613    
   9.06999969       38.6842613    
   9.07999992       38.6842613    
   9.09000015       38.6842613    
   9.09999943       38.6842613    
   9.10999966       38.6842613    
   9.11999989       38.6842613    
   9.13000011       38.6842613    
   9.13999939       38.6842613    
   9.14999962       38.6842613    
   9.15999985       38.6842613    
   9.17000008       38.6842613    
   9.17999935       38.6842613    
   9.18999958       38.6842613    
   9.19999981       38.6842613    
   9.21000004       36.0474052    
   9.22000027       38.2395210    
   9.22999954       38.6166992    
   9.23999977       36.4094925    
   9.25000000       38.8250732    
   9.26000023       38.8250732    
   9.26999950       38.8250732    
   9.27999973       38.8250732    
   9.28999996       38.8250732    
   9.30000019       38.8250732    
   9.30999947       38.8250732    
   9.31999969       38.8250732    
   9.32999992       38.8250732    
   9.34000015       38.8250732    
   9.34999943       38.8250732    
   9.35999966       38.8250732    
   9.36999989       38.8250732    
   9.38000011       38.8250732    
   9.38999939       38.8250732    
   9.39999962       38.8250732    
   9.40999985       38.8250732    
   9.42000008       38.8250732    
   9.42999935       38.8250732    
   9.43999958       38.8250732    
   9.44999981       38.8250732    
   9.46000004       38.8250732    
   9.46999931       38.8250732    
   9.47999954       38.8250732    
   9.48999977       38.8250732    
   9.50000000       38.8250732    
   9.51000023       38.8250732    
   9.51999950       38.8250732    
   9.52999973       38.8250732    
   9.53999996       38.8250732    
   9.55000019       38.8250732    
   9.55999947       38.8250732    
   9.56999969       38.8250732    
   9.57999992       38.8250732    
   9.59000015       38.8250732    
   9.59999943       38.8250732    
   9.60999966       38.8250732    
   9.61999989       38.8250732    
   9.63000011       38.8250732    
   9.63999939       38.8250732    
   9.64999962       38.8250732    
   9.65999985       38.8250732    
   9.67000008       38.8250732    
   9.67999935       38.8250732    
   9.68999958       38.8250732    
   9.69999981       38.8250732    
   9.71000004       38.8250732    
   9.71999931       38.8250732    
   9.72999954       38.8250732    
   9.73999977       38.8250732    
   9.75000000       38.8250732    
   9.76000023       38.8250732    
   9.76999950       38.8250732    
   9.77999973       38.8250732    
   9.78999996       38.8250732    
   9.80000019       38.8250732    
   9.80999947       38.8250732    
   9.81999969       38.8250732    
   9.82999992       38.8250732    
   9.84000015       38.8250732    
   9.84999943       38.8250732    
   9.85999966       38.8250732    
   9.86999989       38.8250732    
   9.88000011       38.8250732    
   9.88999939       38.8250732    
   9.89999962       38.8250732    
   9.90999985       38.8250732    
   9.92000008       38.8250732    
   9.92999935       38.8250732    
   9.93999958       38.8250732    
   9.94999981       38.8250732    
   9.96000004       38.8250732    
   9.96999931       38.8250732    
   9.97999954       38.8250732    
   9.98999977       38.8250732    
   10.0000000       38.8250732    
