   4.99999989E-03   31.3599663    
   9.99999978E-03   31.3599625    
   1.49999997E-02   31.3599586    
   1.99999996E-02   31.3599548    
   2.49999985E-02   31.3599510    
   2.99999993E-02   31.3599472    
   3.50000001E-02   31.3599415    
   3.99999991E-02   31.3599415    
   4.49999981E-02   31.3599472    
   4.99999970E-02   31.3599491    
   5.49999997E-02   31.3599529    
   5.99999987E-02   31.3599548    
   6.49999976E-02   31.3599567    
   7.00000003E-02   31.3599567    
   7.49999955E-02   31.3599529    
   7.99999982E-02   31.3599510    
   8.50000009E-02   31.3599491    
   8.99999961E-02   31.3599529    
   9.49999988E-02   31.3599548    
   9.99999940E-02   31.3599510    
  0.104999997       31.3599510    
  0.109999999       31.3599510    
  0.114999995       31.3599510    
  0.119999997       31.3599529    
  0.125000000       31.3599529    
  0.129999995       31.3599548    
  0.134999990       31.3599586    
  0.140000001       31.3599606    
  0.144999996       31.3599625    
  0.149999991       31.3599625    
  0.155000001       31.3599644    
  0.159999996       31.3599625    
  0.164999992       31.3599606    
  0.170000002       31.3599586    
  0.174999997       31.3599586    
  0.179999992       31.3599606    
  0.185000002       31.3599625    
  0.189999998       31.3599663    
  0.194999993       31.3599701    
  0.199999988       31.3599739    
  0.204999998       31.3599796    
  0.209999993       31.3599834    
  0.214999989       31.3599911    
  0.219999999       31.3600044    
  0.224999994       31.3600197    
  0.229999989       31.3600388    
  0.234999999       31.3600655    
  0.239999995       31.3601074    
  0.244999990       31.3601704    
  0.250000000       31.3602562    
  0.254999995       31.3603821    
  0.259999990       31.3605690    
  0.264999986       31.3608322    
  0.269999981       31.3611927    
  0.275000006       31.3616390    
  0.280000001       31.3619614    
  0.284999996       31.3612747    
  0.289999992       31.3561153    
  0.294999987       31.3331795    
  0.299999982       31.2409668    
  0.305000007       30.8979931    
  0.310000002       30.1099167    
  0.314999998       32.0629005    
  0.319999993       31.2916565    
  0.324999988       30.1297913    
  0.329999983       30.8872433    
  0.334999979       31.1734715    
  0.340000004       31.2491512    
  0.344999999       31.2678661    
  0.349999994       31.2719631    
  0.354999989       31.2723999    
  0.359999985       31.2720394    
  0.364999980       31.2716103    
  0.370000005       31.2712650    
  0.375000000       31.2710171    
  0.379999995       31.2708416    
  0.384999990       31.2707233    
  0.389999986       31.2706394    
  0.394999981       31.2705822    
  0.399999976       31.2705421    
  0.405000001       31.2705116    
  0.409999996       31.2704887    
  0.414999992       31.2704792    
  0.419999987       31.2704735    
  0.424999982       31.2704678    
  0.429999977       31.2704659    
  0.435000002       31.2704620    
  0.439999998       31.2704582    
  0.444999993       31.2704525    
  0.449999988       31.2704468    
  0.454999983       31.2704430    
  0.459999979       31.2704411    
  0.465000004       31.2704391    
  0.469999999       31.2704372    
  0.474999994       31.2704372    
  0.479999989       31.2704353    
  0.484999985       31.2704315    
  0.489999980       31.2704296    
  0.494999975       31.2704296    
  0.500000000       31.2704239    
  0.504999995       31.2704182    
  0.509999990       31.2704163    
  0.514999986       31.2704144    
  0.519999981       31.2704144    
  0.524999976       31.2704144    
  0.529999971       31.2704124    
  0.534999967       31.2704124    
  0.539999962       31.2704163    
  0.545000017       31.2704124    
  0.550000012       31.2704105    
  0.555000007       31.2704105    
  0.560000002       31.2704144    
  0.564999998       31.2704163    
  0.569999993       31.2704163    
  0.574999988       31.2704144    
  0.579999983       31.2704144    
  0.584999979       31.2704105    
  0.589999974       31.2704067    
  0.594999969       31.2704029    
  0.599999964       31.2704010    
  0.604999959       31.2704067    
  0.610000014       31.2704105    
  0.615000010       31.2704163    
  0.620000005       31.2704182    
  0.625000000       31.2704220    
  0.629999995       31.2704258    
  0.634999990       31.2704277    
  0.639999986       31.2704296    
  0.644999981       31.2704334    
  0.649999976       31.2704353    
  0.654999971       31.2704372    
  0.659999967       31.2704372    
  0.664999962       31.2704391    
  0.669999957       31.2704411    
  0.675000012       31.2704430    
  0.680000007       31.2704430    
  0.685000002       31.2704449    
  0.689999998       31.2704449    
  0.694999993       31.2704468    
  0.699999988       31.2704468    
  0.704999983       31.2704487    
  0.709999979       31.2704487    
  0.714999974       31.2704487    
  0.719999969       31.2704506    
  0.724999964       31.2704506    
  0.729999959       31.2704506    
  0.734999955       31.2704506    
  0.740000010       31.2704525    
  0.745000005       31.2704525    
  0.750000000       31.2704525    
  0.754999995       31.2704525    
  0.759999990       31.2704525    
  0.764999986       31.2704544    
  0.769999981       31.2704544    
  0.774999976       31.2704544    
  0.779999971       31.2704544    
  0.784999967       31.2704544    
  0.789999962       31.2704544    
  0.794999957       31.2704544    
  0.799999952       31.2704544    
  0.805000007       31.2704544    
  0.810000002       31.2704563    
  0.814999998       31.2704563    
  0.819999993       31.2704563    
  0.824999988       31.2704563    
  0.829999983       31.2704563    
  0.834999979       31.2704563    
  0.839999974       31.2704563    
  0.844999969       31.2704563    
  0.849999964       31.2704563    
  0.854999959       31.2704563    
  0.859999955       31.2704563    
  0.865000010       31.2704563    
  0.870000005       31.2704563    
  0.875000000       31.2704563    
  0.879999995       31.2704563    
  0.884999990       31.2704563    
  0.889999986       31.2704563    
  0.894999981       31.2704563    
  0.899999976       31.2704563    
  0.904999971       31.2704563    
  0.909999967       31.2704563    
  0.914999962       31.2704582    
  0.919999957       31.2704582    
  0.924999952       31.2704582    
  0.930000007       31.2704582    
  0.935000002       31.2704582    
  0.939999998       31.2704582    
  0.944999993       31.2704582    
  0.949999988       31.2704582    
  0.954999983       31.2704582    
  0.959999979       31.2704582    
  0.964999974       31.2704582    
  0.969999969       31.2704582    
  0.974999964       31.2704582    
  0.979999959       31.2704582    
  0.984999955       31.2704582    
  0.989999950       31.2704582    
  0.995000005       31.2704582    
   1.00000000       31.2704582    
   1.00500000       31.2704582    
   1.00999999       31.2704582    
   1.01499999       31.2704582    
   1.01999998       31.2704582    
   1.02499998       31.2704582    
   1.02999997       31.2704582    
   1.03499997       31.2704582    
   1.03999996       31.2704582    
   1.04499996       31.2704582    
   1.04999995       31.2704582    
   1.05499995       31.2704582    
   1.05999994       31.2704582    
   1.06499994       31.2704582    
   1.06999993       31.2704582    
   1.07499993       31.2704582    
   1.07999992       31.2704582    
   1.08499992       31.2704582    
   1.09000003       31.2704582    
   1.09500003       31.2704582    
   1.10000002       31.2704582    
   1.10500002       31.2704582    
   1.11000001       31.2704582    
   1.11500001       31.2704582    
   1.12000000       31.2704582    
   1.12500000       31.2704582    
   1.13000000       31.2704582    
   1.13499999       31.2704582    
   1.13999999       31.2704582    
   1.14499998       31.2704582    
   1.14999998       31.2704582    
   1.15499997       31.2704582    
   1.15999997       31.2704582    
   1.16499996       31.2704582    
   1.16999996       31.2704582    
   1.17499995       31.1997929    
   1.17999995       31.2028313    
   1.18499994       31.2081318    
   1.18999994       31.2153912    
   1.19499993       31.2243156    
   1.19999993       31.2343960    
   1.20499992       31.2451210    
   1.20999992       31.2559814    
   1.21499991       31.2664528    
   1.22000003       31.2760143    
   1.22500002       31.2841740    
   1.23000002       31.2905960    
   1.23500001       31.2948856    
   1.24000001       31.2967815    
   1.24500000       31.2961979    
   1.25000000       31.2932949    
   1.25500000       31.2881222    
   1.25999999       31.2809410    
   1.26499999       31.2720985    
   1.26999998       31.2620754    
   1.27499998       31.2513695    
   1.27999997       31.2404308    
   1.28499997       31.2299061    
   1.28999996       31.2202797    
   1.29499996       31.2120495    
   1.29999995       31.2056007    
   1.30499995       31.2012749    
   1.30999994       31.1992683    
   1.31499994       31.2849197    
   1.31999993       31.2849197    
   1.32499993       31.2849197    
   1.32999992       31.2849197    
   1.33499992       31.2849197    
   1.33999991       31.2849197    
   1.34500003       31.2849197    
   1.35000002       31.2849197    
   1.35500002       31.2849197    
   1.36000001       31.2849197    
   1.36500001       31.2849197    
   1.37000000       31.2849197    
   1.37500000       31.2849197    
   1.38000000       31.2849197    
   1.38499999       31.2849197    
   1.38999999       31.2849197    
   1.39499998       31.2849197    
   1.39999998       31.2849197    
   1.40499997       31.2849197    
   1.40999997       31.2849197    
   1.41499996       31.2849197    
   1.41999996       31.2849197    
   1.42499995       31.2849197    
   1.42999995       31.2849197    
   1.43499994       31.2849197    
   1.43999994       31.2849197    
   1.44499993       31.2849197    
   1.44999993       31.2849197    
   1.45499992       31.2849197    
   1.45999992       31.2849197    
   1.46499991       31.2849197    
   1.46999991       31.2849197    
   1.47500002       31.2849197    
   1.48000002       31.2849197    
   1.48500001       31.2849197    
   1.49000001       31.2849197    
   1.49500000       31.2849197    
   1.50000000       31.2849197    
   1.50500000       31.2849197    
   1.50999999       31.2849197    
   1.51499999       31.2849197    
   1.51999998       31.2849197    
   1.52499998       31.2849197    
   1.52999997       31.2849197    
   1.53499997       31.2849197    
   1.53999996       31.2849197    
   1.54499996       31.2849197    
   1.54999995       31.2849197    
   1.55499995       31.2849197    
   1.55999994       31.2849197    
   1.56499994       31.2849197    
   1.56999993       31.2849197    
   1.57499993       31.2849197    
   1.57999992       31.2849197    
   1.58499992       31.2849197    
   1.58999991       31.2849197    
   1.59499991       31.2849197    
   1.59999990       31.2849197    
   1.60500002       31.2849197    
   1.61000001       31.2849197    
   1.61500001       31.2849197    
   1.62000000       31.2849197    
   1.62500000       31.2849197    
   1.63000000       31.2849197    
   1.63499999       31.2849197    
   1.63999999       31.2849178    
   1.64499998       31.2849178    
   1.64999998       31.2849178    
   1.65499997       31.2849178    
   1.65999997       31.2849178    
   1.66499996       31.2849178    
   1.66999996       31.2849178    
   1.67499995       31.2849178    
   1.67999995       31.2849178    
   1.68499994       31.2849178    
   1.68999994       31.2849178    
   1.69499993       31.2849178    
   1.69999993       31.2849159    
   1.70499992       31.2849159    
   1.70999992       31.2849159    
   1.71499991       31.2849159    
   1.71999991       31.2849159    
   1.72499990       31.2849159    
   1.73000002       31.2849159    
   1.73500001       31.2849140    
   1.74000001       31.2849140    
   1.74500000       31.2849140    
   1.75000000       31.2849140    
   1.75500000       31.2849140    
   1.75999999       31.2849121    
   1.76499999       31.2849121    
   1.76999998       31.2849121    
   1.77499998       31.2849102    
   1.77999997       31.2849102    
   1.78499997       31.2849083    
   1.78999996       31.2849083    
   1.79499996       31.2849083    
   1.79999995       31.2849064    
   1.80499995       31.2849045    
   1.80999994       31.2849045    
   1.81499994       31.2849026    
   1.81999993       31.2849007    
   1.82499993       31.2848988    
   1.82999992       31.2848988    
   1.83499992       31.2848969    
   1.83999991       31.2848930    
   1.84499991       31.2848911    
   1.84999990       31.2848892    
   1.85499990       31.2848854    
   1.86000001       31.2848835    
   1.86500001       31.2848797    
   1.87000000       31.2848759    
   1.87500000       31.2848721    
   1.88000000       31.2848663    
   1.88499999       31.2848682    
   1.88999999       31.2848721    
   1.89499998       31.2848759    
   1.89999998       31.2848797    
   1.90499997       31.2848816    
   1.90999997       31.2848835    
   1.91499996       31.2848835    
   1.91999996       31.2848835    
   1.92499995       31.2848797    
   1.92999995       31.2848759    
   1.93499994       31.2848759    
   1.93999994       31.2848778    
   1.94499993       31.2848778    
   1.94999993       31.2848778    
   1.95499992       31.2848816    
   1.95999992       31.2848797    
   1.96499991       31.2848797    
   1.96999991       31.2848778    
   1.97499990       31.2848740    
   1.97999990       31.2848740    
   1.98500001       31.2848740    
   1.99000001       31.2848721    
   1.99500000       31.2848721    
   2.00000000       31.2848759    
   2.00499988       31.2848797    
   2.00999999       31.2848797    
   2.01499987       31.2848797    
   2.01999998       31.2848854    
   2.02499986       31.2848892    
   2.02999997       31.2848930    
   2.03499985       31.2848969    
   2.03999996       31.2849007    
   2.04499984       31.2848988    
   2.04999995       31.2849026    
   2.05500007       31.2849102    
   2.05999994       31.2849178    
   2.06500006       31.2849274    
   2.06999993       31.2849369    
   2.07500005       31.2849522    
   2.07999992       31.2849770    
   2.08500004       31.2850094    
   2.08999991       31.2850571    
   2.09500003       31.2851219    
   2.09999990       31.2852173    
   2.10500002       31.2853546    
   2.10999990       31.2855625    
   2.11500001       31.2858562    
   2.11999989       31.2862473    
   2.12500000       31.2866821    
   2.12999988       31.2868233    
   2.13499999       31.2852726    
   2.13999987       31.2766190    
   2.14499998       31.2400684    
   2.14999986       31.0959415    
   2.15499997       30.5969582    
   2.15999985       30.0104179    
   2.16499996       33.3496552    
   2.16999984       30.1321907    
   2.17499995       30.3343544    
   2.18000007       30.9305630    
   2.18499994       31.1148834    
   2.19000006       31.1622925    
   2.19499993       31.1737633    
   2.20000005       31.1760330    
   2.20499992       31.1760464    
   2.21000004       31.1756229    
   2.21499991       31.1752110    
   2.22000003       31.1748962    
   2.22499990       31.1746769    
   2.23000002       31.1745243    
   2.23499990       31.1744194    
   2.24000001       31.1743450    
   2.24499989       31.1742973    
   2.25000000       31.1742611    
   2.25499988       31.1742363    
   2.25999999       31.1742210    
   2.26499987       31.1742115    
   2.26999998       31.1742020    
   2.27499986       31.1741943    
   2.27999997       31.1741905    
   2.28499985       31.1741905    
   2.28999996       31.1741886    
   2.29499984       31.1741848    
   2.29999995       31.1741829    
   2.30500007       31.1741848    
   2.30999994       31.1741829    
   2.31500006       31.1741772    
   2.31999993       31.1741753    
   2.32500005       31.1741772    
   2.32999992       31.1741772    
   2.33500004       31.1741791    
   2.33999991       31.1741772    
   2.34500003       31.1741772    
   2.34999990       31.1741810    
   2.35500002       31.1741829    
   2.35999990       31.1741829    
   2.36500001       31.1741810    
   2.36999989       31.1741829    
   2.37500000       31.1741867    
   2.37999988       31.1741829    
   2.38499999       31.1741829    
   2.38999987       31.1741848    
   2.39499998       31.1741829    
   2.39999986       31.1741791    
   2.40499997       31.1741791    
   2.40999985       31.1741810    
   2.41499996       31.1741829    
   2.41999984       31.1741829    
   2.42499995       31.1741810    
   2.42999983       31.1741791    
   2.43499994       31.1741753    
   2.44000006       31.1741714    
   2.44499993       31.1741676    
   2.45000005       31.1741676    
   2.45499992       31.1741734    
   2.46000004       31.1741772    
   2.46499991       31.1741810    
   2.47000003       31.1741848    
   2.47499990       31.1741886    
   2.48000002       31.1741905    
   2.48499990       31.1741924    
   2.49000001       31.1741962    
   2.49499989       31.1741982    
   2.50000000       31.1742001    
   2.50499988       31.1742020    
   2.50999999       31.1742039    
   2.51499987       31.1742039    
   2.51999998       31.1742058    
   2.52499986       31.1742077    
   2.52999997       31.1742077    
   2.53499985       31.1742096    
   2.53999996       31.1742096    
   2.54499984       31.1742115    
   2.54999995       31.1742115    
   2.55499983       31.1742134    
   2.55999994       31.1742134    
   2.56500006       31.1742134    
   2.56999993       31.1742153    
   2.57500005       31.1742153    
   2.57999992       31.1742153    
   2.58500004       31.1742153    
   2.58999991       31.1742172    
   2.59500003       31.1742172    
   2.59999990       31.1742172    
   2.60500002       31.1742172    
   2.60999990       31.1742172    
   2.61500001       31.1742191    
   2.61999989       31.1742191    
   2.62500000       31.1742191    
   2.62999988       31.1742191    
   2.63499999       31.1742191    
   2.63999987       31.1742191    
   2.64499998       31.1742191    
   2.64999986       31.1742191    
   2.65499997       31.1742191    
   2.65999985       31.1742210    
   2.66499996       31.1742210    
   2.66999984       31.1742210    
   2.67499995       31.1742210    
   2.67999983       31.1742210    
   2.68499994       31.1742210    
   2.69000006       31.1742210    
   2.69499993       31.1742210    
   2.70000005       31.1742210    
   2.70499992       31.1742210    
   2.71000004       31.1742210    
   2.71499991       31.1742210    
   2.72000003       31.1742210    
   2.72499990       31.1742210    
   2.73000002       31.1742210    
   2.73499990       31.1742210    
   2.74000001       31.1742210    
   2.74499989       31.1742210    
   2.75000000       31.1742210    
   2.75499988       31.1742210    
   2.75999999       31.1742210    
   2.76499987       31.1742229    
   2.76999998       31.1742229    
   2.77499986       31.1742229    
   2.77999997       31.1742229    
   2.78499985       31.1742229    
   2.78999996       31.1742229    
   2.79499984       31.1742229    
   2.79999995       31.1742229    
   2.80499983       31.1742229    
   2.80999994       31.1742229    
   2.81499982       31.1742229    
   2.81999993       31.1742229    
   2.82500005       31.1742229    
   2.82999992       31.1742229    
   2.83500004       31.1742229    
   2.83999991       31.1742229    
   2.84500003       31.1742229    
   2.84999990       31.1742229    
   2.85500002       31.1742229    
   2.85999990       31.1742229    
   2.86500001       31.1742229    
   2.86999989       31.1742229    
   2.87500000       31.1742229    
   2.87999988       31.1742229    
   2.88499999       31.1742229    
   2.88999987       31.1742229    
   2.89499998       31.1742229    
   2.89999986       31.1742229    
   2.90499997       31.1742229    
   2.90999985       31.1742229    
   2.91499996       31.1742229    
   2.91999984       31.1742229    
   2.92499995       31.1742229    
   2.92999983       31.1742229    
   2.93499994       31.1742229    
   2.93999982       31.1742229    
   2.94499993       31.1742229    
   2.95000005       31.1742229    
   2.95499992       31.1742229    
   2.96000004       31.1742229    
   2.96499991       31.1742229    
   2.97000003       31.1742229    
   2.97499990       31.1742229    
   2.98000002       31.1742229    
   2.98499990       31.1742229    
   2.99000001       31.1742229    
   2.99499989       31.1742229    
   3.00000000       31.1742229    
   3.00499988       31.1742229    
   3.00999999       31.1742229    
   3.01499987       31.1742229    
   3.01999998       31.1742229    
   3.02499986       31.1224155    
   3.02999997       31.1256256    
   3.03499985       31.1310730    
   3.03999996       31.1384735    
   3.04499984       31.1474438    
   3.04999995       31.1575928    
   3.05499983       31.1683311    
   3.05999994       31.1791916    
   3.06499982       31.1895943    
   3.06999993       31.1990280    
   3.07500005       31.2070007    
   3.07999992       31.2131615    
   3.08500004       31.2172070    
   3.08999991       31.2189655    
   3.09500003       31.2182198    
   3.09999990       31.2150993    
   3.10500002       31.2097721    
   3.10999990       31.2024899    
   3.11500001       31.1935120    
   3.11999989       31.1834602    
   3.12500000       31.1726913    
   3.12999988       31.1618214    
   3.13499999       31.1514072    
   3.13999987       31.1418896    
   3.14499998       31.1338100    
   3.14999986       31.1275463    
   3.15499997       31.1234112    
   3.15999985       31.1216030    
   3.16499996       31.1938038    
   3.16999984       31.1938038    
   3.17499995       31.1938038    
   3.17999983       31.1938038    
   3.18499994       31.1938038    
   3.18999982       31.1938038    
   3.19499993       31.1938038    
   3.19999981       31.1938038    
   3.20499992       31.1938038    
   3.21000004       31.1938038    
   3.21499991       31.1938038    
   3.22000003       31.1938038    
   3.22499990       31.1938038    
   3.23000002       31.1938038    
   3.23499990       31.1938038    
   3.24000001       31.1938038    
   3.24499989       31.1938038    
   3.25000000       31.1938038    
   3.25499988       31.1938038    
   3.25999999       31.1938038    
   3.26499987       31.1938038    
   3.26999998       31.1938038    
   3.27499986       31.1938038    
   3.27999997       31.1938038    
   3.28499985       31.1938038    
   3.28999996       31.1938038    
   3.29499984       31.1938038    
   3.29999995       31.1938038    
   3.30499983       31.1938038    
   3.30999994       31.1938038    
   3.31499982       31.1938038    
   3.31999993       31.1938038    
   3.32499981       31.1938038    
   3.32999992       31.1938038    
   3.33500004       31.1938038    
   3.33999991       31.1938038    
   3.34500003       31.1938038    
   3.34999990       31.1938038    
   3.35500002       31.1938038    
   3.35999990       31.1938038    
   3.36500001       31.1938038    
   3.36999989       31.1938038    
   3.37500000       31.1938038    
   3.37999988       31.1938038    
   3.38499999       31.1938038    
   3.38999987       31.1938038    
   3.39499998       31.1938038    
   3.39999986       31.1938038    
   3.40499997       31.1938038    
   3.40999985       31.1938038    
   3.41499996       31.1938038    
   3.41999984       31.1938038    
   3.42499995       31.1938038    
   3.42999983       31.1938038    
   3.43499994       31.1938038    
   3.43999982       31.1938038    
   3.44499993       31.1938038    
   3.44999981       31.1938038    
   3.45499992       31.1938038    
   3.46000004       31.1938038    
   3.46499991       31.1938038    
   3.47000003       31.1938038    
   3.47499990       31.1938038    
   3.48000002       31.1938038    
   3.48499990       31.1938038    
   3.49000001       31.1938019    
   3.49499989       31.1938019    
   3.50000000       31.1938019    
   3.50499988       31.1938019    
   3.50999999       31.1938019    
   3.51499987       31.1938019    
   3.51999998       31.1938019    
   3.52499986       31.1938019    
   3.52999997       31.1938019    
   3.53499985       31.1938019    
   3.53999996       31.1938019    
   3.54499984       31.1938019    
   3.54999995       31.1938019    
   3.55499983       31.1938000    
   3.55999994       31.1938000    
   3.56499982       31.1938000    
   3.56999993       31.1938000    
   3.57499981       31.1938000    
   3.57999992       31.1938000    
   3.58500004       31.1937981    
   3.58999991       31.1937981    
   3.59500003       31.1937981    
   3.59999990       31.1937981    
   3.60500002       31.1937981    
   3.60999990       31.1937962    
   3.61500001       31.1937962    
   3.61999989       31.1937962    
   3.62500000       31.1937943    
   3.62999988       31.1937943    
   3.63499999       31.1937923    
   3.63999987       31.1937923    
   3.64499998       31.1937923    
   3.64999986       31.1937904    
   3.65499997       31.1937885    
   3.65999985       31.1937885    
   3.66499996       31.1937866    
   3.66999984       31.1937847    
   3.67499995       31.1937847    
   3.67999983       31.1937828    
   3.68499994       31.1937809    
   3.68999982       31.1937790    
   3.69499993       31.1937752    
   3.69999981       31.1937733    
   3.70499992       31.1937714    
   3.70999980       31.1937675    
   3.71499991       31.1937637    
   3.72000003       31.1937599    
   3.72499990       31.1937561    
   3.73000002       31.1937523    
   3.73499990       31.1937523    
   3.74000001       31.1937561    
   3.74499989       31.1937618    
   3.75000000       31.1937637    
   3.75499988       31.1937675    
   3.75999999       31.1937695    
   3.76499987       31.1937675    
   3.76999998       31.1937675    
   3.77499986       31.1937656    
   3.77999997       31.1937618    
   3.78499985       31.1937599    
   3.78999996       31.1937637    
   3.79499984       31.1937637    
   3.79999995       31.1937599    
   3.80499983       31.1937580    
   3.80999994       31.1937580    
   3.81499982       31.1937561    
   3.81999993       31.1937561    
   3.82499981       31.1937542    
   3.82999992       31.1937523    
   3.83499980       31.1937561    
   3.83999991       31.1937561    
   3.84500003       31.1937561    
   3.84999990       31.1937580    
   3.85500002       31.1937542    
   3.85999990       31.1937523    
   3.86500001       31.1937504    
   3.86999989       31.1937504    
   3.87500000       31.1937504    
   3.87999988       31.1937523    
   3.88499999       31.1937542    
   3.88999987       31.1937523    
   3.89499998       31.1937542    
   3.89999986       31.1937580    
   3.90499997       31.1937675    
   3.90999985       31.1937790    
   3.91499996       31.1937904    
   3.91999984       31.1938076    
   3.92499995       31.1938248    
   3.92999983       31.1938496    
   3.93499994       31.1938782    
   3.93999982       31.1939220    
   3.94499993       31.1939869    
   3.94999981       31.1940784    
   3.95499992       31.1942081    
   3.95999980       31.1944027    
   3.96499991       31.1946831    
   3.97000003       31.1950607    
   3.97499990       31.1954975    
   3.98000002       31.1957378    
   3.98499990       31.1946602    
   3.99000001       31.1879425    
   3.99499989       31.1590118    
   4.00000000       31.0441494    
   4.00500011       30.6310043    
   4.00999975       29.8923454    
   4.01499987       32.6537399    
   4.01999998       30.4094791    
   4.02500010       30.0101547    
   4.02999973       30.6901379    
   4.03499985       30.9212780    
   4.03999996       30.9818230    
   4.04500008       30.9967384    
   4.04999971       30.9999027    
   4.05499983       31.0001335    
   4.05999994       30.9997406    
   4.06500006       30.9993172    
   4.06999969       30.9989872    
   4.07499981       30.9987488    
   4.07999992       30.9985847    
   4.08500004       30.9984703    
   4.08999968       30.9983902    
   4.09499979       30.9983349    
   4.09999990       30.9983006    
   4.10500002       30.9982738    
   4.11000013       30.9982529    
   4.11499977       30.9982395    
   4.11999989       30.9982338    
   4.12500000       30.9982300    
   4.13000011       30.9982243    
   4.13499975       30.9982185    
   4.13999987       30.9982147    
   4.14499998       30.9982128    
   4.15000010       30.9982128    
   4.15499973       30.9982147    
   4.15999985       30.9982147    
   4.16499996       30.9982166    
   4.17000008       30.9982185    
   4.17499971       30.9982185    
   4.17999983       30.9982147    
   4.18499994       30.9982109    
   4.19000006       30.9982090    
   4.19499969       30.9982071    
   4.19999981       30.9982033    
   4.20499992       30.9981976    
   4.21000004       30.9981956    
   4.21499968       30.9981956    
   4.21999979       30.9981918    
   4.22499990       30.9981918    
   4.23000002       30.9981899    
   4.23500013       30.9981918    
   4.23999977       30.9981937    
   4.24499989       30.9981937    
   4.25000000       30.9981899    
   4.25500011       30.9981899    
   4.25999975       30.9981937    
   4.26499987       30.9981937    
   4.26999998       30.9981956    
   4.27500010       30.9981937    
   4.27999973       30.9981937    
   4.28499985       30.9981899    
   4.28999996       30.9981861    
   4.29500008       30.9981823    
   4.29999971       30.9981823    
   4.30499983       30.9981861    
   4.30999994       30.9981918    
   4.31500006       30.9981956    
   4.31999969       30.9981995    
   4.32499981       30.9982014    
   4.32999992       30.9982052    
   4.33500004       30.9982071    
   4.33999968       30.9982109    
   4.34499979       30.9982128    
   4.34999990       30.9982147    
   4.35500002       30.9982166    
   4.36000013       30.9982185    
   4.36499977       30.9982204    
   4.36999989       30.9982204    
   4.37500000       30.9982224    
   4.38000011       30.9982243    
   4.38499975       30.9982243    
   4.38999987       30.9982262    
   4.39499998       30.9982262    
   4.40000010       30.9982281    
   4.40499973       30.9982281    
   4.40999985       30.9982281    
   4.41499996       30.9982300    
   4.42000008       30.9982300    
   4.42499971       30.9982300    
   4.42999983       30.9982319    
   4.43499994       30.9982319    
   4.44000006       30.9982319    
   4.44499969       30.9982319    
   4.44999981       30.9982319    
   4.45499992       30.9982338    
   4.46000004       30.9982338    
   4.46499968       30.9982338    
   4.46999979       30.9982338    
   4.47499990       30.9982338    
   4.48000002       30.9982338    
   4.48500013       30.9982357    
   4.48999977       30.9982357    
   4.49499989       30.9982357    
   4.50000000       30.9982357    
   4.50500011       30.9982357    
   4.50999975       30.9982357    
   4.51499987       30.9982357    
   4.51999998       30.9982357    
   4.52500010       30.9982357    
   4.52999973       30.9982357    
   4.53499985       30.9982357    
   4.53999996       30.9982357    
   4.54500008       30.9982357    
   4.54999971       30.9982376    
   4.55499983       30.9982376    
   4.55999994       30.9982376    
   4.56500006       30.9982376    
   4.56999969       30.9982376    
   4.57499981       30.9982376    
   4.57999992       30.9982376    
   4.58500004       30.9982376    
   4.58999968       30.9982376    
   4.59499979       30.9982376    
   4.59999990       30.9982376    
   4.60500002       30.9982376    
   4.61000013       30.9982376    
   4.61499977       30.9982376    
   4.61999989       30.9982376    
   4.62500000       30.9982376    
   4.63000011       30.9982376    
   4.63499975       30.9982376    
   4.63999987       30.9982376    
   4.64499998       30.9982376    
   4.65000010       30.9982376    
   4.65499973       30.9982376    
   4.65999985       30.9982376    
   4.66499996       30.9982376    
   4.67000008       30.9982376    
   4.67499971       30.9982376    
   4.67999983       30.9982376    
   4.68499994       30.9982376    
   4.69000006       30.9982376    
   4.69499969       30.9982376    
   4.69999981       30.9982376    
   4.70499992       30.9982376    
   4.71000004       30.9982376    
   4.71499968       30.9982376    
   4.71999979       30.9982376    
   4.72499990       30.9982376    
   4.73000002       30.9982376    
   4.73499966       30.9982376    
   4.73999977       30.9982376    
   4.74499989       30.9982376    
   4.75000000       30.9982376    
   4.75500011       30.9982376    
   4.75999975       30.9982376    
   4.76499987       30.9982376    
   4.76999998       30.9982376    
   4.77500010       30.9982376    
   4.77999973       30.9982376    
   4.78499985       30.9982376    
   4.78999996       30.9982376    
   4.79500008       30.9982376    
   4.79999971       30.9982376    
   4.80499983       30.9982376    
   4.80999994       30.9982376    
   4.81500006       30.9982376    
   4.81999969       30.9982376    
   4.82499981       30.9982376    
   4.82999992       30.9982376    
   4.83500004       30.9982376    
   4.83999968       30.9982376    
   4.84499979       30.9982376    
   4.84999990       30.9982376    
   4.85500002       30.9982376    
   4.85999966       30.9982376    
   4.86499977       30.9982376    
   4.86999989       30.9982376    
   4.87500000       30.9404240    
   4.88000011       30.9420776    
   4.88499975       30.9460678    
   4.88999987       30.9521790    
   4.89499998       30.9601326    
   4.90000010       30.9695148    
   4.90499973       30.9798622    
   4.90999985       30.9906425    
   4.91499996       31.0013847    
   4.92000008       31.0115013    
   4.92499971       31.0204887    
   4.92999983       31.0279083    
   4.93499994       31.0333900    
   4.94000006       31.0365772    
   4.94499969       31.0374565    
   4.94999981       31.0359459    
   4.95499992       31.0321121    
   4.96000004       31.0260696    
   4.96499968       31.0182037    
   4.96999979       31.0088425    
   4.97499990       30.9985332    
   4.98000002       30.9877586    
   4.98499966       30.9770546    
   4.98999977       30.9669228    
   4.99499989       30.9579086    
   5.00000000       30.9504223    
   5.00500011       30.9448795    
   5.00999975       30.9415302    
   5.01499987       30.9747868    
   5.01999998       30.9747868    
   5.02500010       30.9747868    
   5.02999973       30.9747868    
   5.03499985       30.9747868    
   5.03999996       30.9747868    
   5.04500008       30.9747868    
   5.04999971       30.9747868    
   5.05499983       30.9747868    
   5.05999994       30.9747868    
   5.06500006       30.9747868    
   5.06999969       30.9747868    
   5.07499981       30.9747868    
   5.07999992       30.9747868    
   5.08500004       30.9747868    
   5.08999968       30.9747868    
   5.09499979       30.9747868    
   5.09999990       30.9747868    
   5.10500002       30.9747868    
   5.10999966       30.9747868    
   5.11499977       30.9747868    
   5.11999989       30.9747868    
   5.12500000       30.9747868    
   5.13000011       30.9747868    
   5.13499975       30.9747868    
   5.13999987       30.9747868    
   5.14499998       30.9747868    
   5.15000010       30.9747868    
   5.15499973       30.9747868    
   5.15999985       30.9747868    
   5.16499996       30.9747868    
   5.17000008       30.9747868    
   5.17499971       30.9747868    
   5.17999983       30.9747868    
   5.18499994       30.9747868    
   5.19000006       30.9747868    
   5.19499969       30.9747868    
   5.19999981       30.9747868    
   5.20499992       30.9747868    
   5.21000004       30.9747868    
   5.21499968       30.9747868    
   5.21999979       30.9747868    
   5.22499990       30.9747868    
   5.23000002       30.9747868    
   5.23499966       30.9747868    
   5.23999977       30.9747868    
   5.24499989       30.9747868    
   5.25000000       30.9747868    
   5.25500011       30.9747868    
   5.25999975       30.9747868    
   5.26499987       30.9747868    
   5.26999998       30.9747868    
   5.27500010       30.9747868    
   5.27999973       30.9747868    
   5.28499985       30.9747868    
   5.28999996       30.9747868    
   5.29500008       30.9747868    
   5.29999971       30.9747868    
   5.30499983       30.9747868    
   5.30999994       30.9747868    
   5.31500006       30.9747868    
   5.31999969       30.9747868    
   5.32499981       30.9747868    
   5.32999992       30.9747868    
   5.33500004       30.9747868    
   5.33999968       30.9747868    
   5.34499979       30.9747849    
   5.34999990       30.9747849    
   5.35500002       30.9747849    
   5.35999966       30.9747849    
   5.36499977       30.9747849    
   5.36999989       30.9747849    
   5.37500000       30.9747849    
   5.38000011       30.9747849    
   5.38499975       30.9747849    
   5.38999987       30.9747849    
   5.39499998       30.9747849    
   5.40000010       30.9747849    
   5.40499973       30.9747829    
   5.40999985       30.9747829    
   5.41499996       30.9747829    
   5.42000008       30.9747829    
   5.42499971       30.9747829    
   5.42999983       30.9747829    
   5.43499994       30.9747829    
   5.44000006       30.9747810    
   5.44499969       30.9747810    
   5.44999981       30.9747810    
   5.45499992       30.9747810    
   5.46000004       30.9747810    
   5.46499968       30.9747791    
   5.46999979       30.9747791    
   5.47499990       30.9747791    
   5.48000002       30.9747772    
   5.48499966       30.9747772    
   5.48999977       30.9747753    
   5.49499989       30.9747753    
   5.50000000       30.9747753    
   5.50500011       30.9747734    
   5.50999975       30.9747715    
   5.51499987       30.9747715    
   5.51999998       30.9747696    
   5.52500010       30.9747677    
   5.52999973       30.9747677    
   5.53499985       30.9747658    
   5.53999996       30.9747639    
   5.54500008       30.9747620    
   5.54999971       30.9747581    
   5.55499983       30.9747562    
   5.55999994       30.9747543    
   5.56500006       30.9747505    
   5.56999969       30.9747467    
   5.57499981       30.9747429    
   5.57999992       30.9747391    
   5.58500004       30.9747353    
   5.58999968       30.9747353    
   5.59499979       30.9747410    
   5.59999990       30.9747448    
   5.60500002       30.9747486    
   5.60999966       30.9747505    
   5.61499977       30.9747524    
   5.61999989       30.9747524    
   5.62500000       30.9747524    
   5.62999964       30.9747505    
   5.63499975       30.9747467    
   5.63999987       30.9747467    
   5.64499998       30.9747486    
   5.65000010       30.9747486    
   5.65499973       30.9747448    
   5.65999985       30.9747429    
   5.66499996       30.9747448    
   5.67000008       30.9747429    
   5.67499971       30.9747429    
   5.67999983       30.9747429    
   5.68499994       30.9747429    
   5.69000006       30.9747467    
   5.69499969       30.9747467    
   5.69999981       30.9747467    
   5.70499992       30.9747429    
   5.71000004       30.9747429    
   5.71499968       30.9747448    
   5.71999979       30.9747505    
   5.72499990       30.9747505    
   5.73000002       30.9747486    
   5.73499966       30.9747505    
   5.73999977       30.9747505    
   5.74499989       30.9747505    
   5.75000000       30.9747543    
   5.75499964       30.9747601    
   5.75999975       30.9747696    
   5.76499987       30.9747753    
   5.76999998       30.9747791    
   5.77500010       30.9747887    
   5.77999973       30.9748039    
   5.78499985       30.9748287    
   5.78999996       30.9748554    
   5.79500008       30.9748936    
   5.79999971       30.9749508    
   5.80499983       30.9750366    
   5.80999994       30.9751587    
   5.81500006       30.9753399    
   5.81999969       30.9755955    
   5.82499981       30.9759445    
   5.82999992       30.9763775    
   5.83500004       30.9767132    
   5.83999968       30.9761505    
   5.84499979       30.9715958    
   5.84999990       30.9512520    
   5.85500002       30.8698368    
   5.85999966       30.5664158    
   5.86499977       29.8109512    
   5.86999989       31.2329731    
   5.87500000       31.4646015    
   5.87999964       29.8054237    
   5.88499975       30.5692844    
   5.88999987       30.8898678    
   5.89499998       30.9763336    
   5.90000010       30.9979744    
   5.90499973       31.0028591    
   5.90999985       31.0035057    
   5.91499996       31.0031872    
   5.92000008       31.0027504    
   5.92499971       31.0023918    
   5.92999983       31.0021324    
   5.93499994       31.0019512    
   5.94000006       31.0018291    
   5.94499969       31.0017414    
   5.94999981       31.0016785    
   5.95499992       31.0016365    
   5.96000004       31.0016079    
   5.96499968       31.0015888    
   5.96999979       31.0015736    
   5.97499990       31.0015602    
   5.98000002       31.0015526    
   5.98499966       31.0015507    
   5.98999977       31.0015488    
   5.99499989       31.0015488    
   6.00000000       31.0015430    
   6.00499964       31.0015411    
   6.00999975       31.0015430    
   6.01499987       31.0015430    
   6.01999998       31.0015411    
   6.02500010       31.0015373    
   6.02999973       31.0015354    
   6.03499985       31.0015335    
   6.03999996       31.0015354    
   6.04500008       31.0015373    
   6.04999971       31.0015392    
   6.05499983       31.0015373    
   6.05999994       31.0015354    
   6.06500006       31.0015354    
   6.06999969       31.0015354    
   6.07499981       31.0015373    
   6.07999992       31.0015373    
   6.08500004       31.0015354    
   6.08999968       31.0015392    
   6.09499979       31.0015411    
   6.09999990       31.0015411    
   6.10500002       31.0015392    
   6.10999966       31.0015392    
   6.11499977       31.0015430    
   6.11999989       31.0015450    
   6.12500000       31.0015469    
   6.12999964       31.0015450    
   6.13499975       31.0015430    
   6.13999987       31.0015411    
   6.14499998       31.0015373    
   6.15000010       31.0015335    
   6.15499973       31.0015297    
   6.15999985       31.0015278    
   6.16499996       31.0015335    
   6.17000008       31.0015373    
   6.17499971       31.0015411    
   6.17999983       31.0015450    
   6.18499994       31.0015469    
   6.19000006       31.0015507    
   6.19499969       31.0015526    
   6.19999981       31.0015545    
   6.20499992       31.0015564    
   6.21000004       31.0015583    
   6.21499968       31.0015602    
   6.21999979       31.0015621    
   6.22499990       31.0015640    
   6.23000002       31.0015640    
   6.23499966       31.0015659    
   6.23999977       31.0015678    
   6.24499989       31.0015678    
   6.25000000       31.0015697    
   6.25499964       31.0015697    
   6.25999975       31.0015697    
   6.26499987       31.0015717    
   6.26999998       31.0015717    
   6.27500010       31.0015717    
   6.27999973       31.0015736    
   6.28499985       31.0015736    
   6.28999996       31.0015736    
   6.29500008       31.0015736    
   6.29999971       31.0015755    
   6.30499983       31.0015755    
   6.30999994       31.0015755    
   6.31500006       31.0015755    
   6.31999969       31.0015755    
   6.32499981       31.0015774    
   6.32999992       31.0015774    
   6.33500004       31.0015774    
   6.33999968       31.0015774    
   6.34499979       31.0015774    
   6.34999990       31.0015774    
   6.35500002       31.0015774    
   6.35999966       31.0015774    
   6.36499977       31.0015774    
   6.36999989       31.0015793    
   6.37500000       31.0015793    
   6.37999964       31.0015793    
   6.38499975       31.0015793    
   6.38999987       31.0015793    
   6.39499998       31.0015793    
   6.39999962       31.0015793    
   6.40499973       31.0015793    
   6.40999985       31.0015793    
   6.41499996       31.0015793    
   6.42000008       31.0015793    
   6.42499971       31.0015793    
   6.42999983       31.0015793    
   6.43499994       31.0015793    
   6.44000006       31.0015793    
   6.44499969       31.0015793    
   6.44999981       31.0015793    
   6.45499992       31.0015793    
   6.46000004       31.0015793    
   6.46499968       31.0015793    
   6.46999979       31.0015793    
   6.47499990       31.0015812    
   6.48000002       31.0015812    
   6.48499966       31.0015812    
   6.48999977       31.0015812    
   6.49499989       31.0015812    
   6.50000000       31.0015812    
   6.50499964       31.0015812    
   6.50999975       31.0015812    
   6.51499987       31.0015812    
   6.51999998       31.0015812    
   6.52499962       31.0015812    
   6.52999973       31.0015812    
   6.53499985       31.0015812    
   6.53999996       31.0015812    
   6.54500008       31.0015812    
   6.54999971       31.0015812    
   6.55499983       31.0015812    
   6.55999994       31.0015812    
   6.56500006       31.0015812    
   6.56999969       31.0015812    
   6.57499981       31.0015812    
   6.57999992       31.0015812    
   6.58500004       31.0015812    
   6.58999968       31.0015812    
   6.59499979       31.0015812    
   6.59999990       31.0015812    
   6.60500002       31.0015812    
   6.60999966       31.0015812    
   6.61499977       31.0015812    
   6.61999989       31.0015812    
   6.62500000       31.0015812    
   6.62999964       31.0015812    
   6.63499975       31.0015812    
   6.63999987       31.0015812    
   6.64499998       31.0015812    
   6.64999962       31.0015812    
   6.65499973       31.0015812    
   6.65999985       31.0015812    
   6.66499996       31.0015812    
   6.67000008       31.0015812    
   6.67499971       31.0015812    
   6.67999983       31.0015812    
   6.68499994       31.0015812    
   6.69000006       31.0015812    
   6.69499969       31.0015812    
   6.69999981       31.0015812    
   6.70499992       31.0015812    
   6.71000004       31.0015812    
   6.71499968       31.0015812    
   6.71999979       31.0015812    
   6.72499990       31.0015812    
   6.73000002       31.0015812    
   6.73499966       30.9780178    
   6.73999977       30.9814339    
   6.74499989       30.9870605    
   6.75000000       30.9945717    
   6.75499964       31.0036259    
   6.75999975       31.0137939    
   6.76499987       31.0245667    
   6.76999998       31.0353165    
   6.77499962       31.0456066    
   6.77999973       31.0548744    
   6.78499985       31.0626793    
   6.78999996       31.0687027    
   6.79500008       31.0725479    
   6.79999971       31.0739689    
   6.80499983       31.0730019    
   6.80999994       31.0697098    
   6.81500006       31.0641956    
   6.81999969       31.0567932    
   6.82499981       31.0477409    
   6.82999992       31.0375824    
   6.83500004       31.0268059    
   6.83999968       31.0159988    
   6.84499979       31.0056381    
   6.84999990       30.9962616    
   6.85500002       30.9883423    
   6.85999966       30.9822674    
   6.86499977       30.9783497    
   6.86999989       30.9767761    
   6.87500000       31.0269661    
   6.87999964       31.0269661    
   6.88499975       31.0269661    
   6.88999987       31.0269661    
   6.89499998       31.0269661    
   6.89999962       31.0269661    
   6.90499973       31.0269661    
   6.90999985       31.0269661    
   6.91499996       31.0269661    
   6.92000008       31.0269661    
   6.92499971       31.0269661    
   6.92999983       31.0269661    
   6.93499994       31.0269661    
   6.94000006       31.0269661    
   6.94499969       31.0269661    
   6.94999981       31.0269661    
   6.95499992       31.0269661    
   6.96000004       31.0269661    
   6.96499968       31.0269661    
   6.96999979       31.0269661    
   6.97499990       31.0269661    
   6.98000002       31.0269661    
   6.98499966       31.0269661    
   6.98999977       31.0269661    
   6.99499989       31.0269661    
   7.00000000       31.0269661    
   7.00499964       31.0269661    
   7.00999975       31.0269661    
   7.01499987       31.0269661    
   7.01999998       31.0269661    
   7.02499962       31.0269661    
   7.02999973       31.0269661    
   7.03499985       31.0269661    
   7.03999996       31.0269661    
   7.04500008       31.0269661    
   7.04999971       31.0269661    
   7.05499983       31.0269661    
   7.05999994       31.0269661    
   7.06500006       31.0269661    
   7.06999969       31.0269661    
   7.07499981       31.0269661    
   7.07999992       31.0269661    
   7.08500004       31.0269661    
   7.08999968       31.0269661    
   7.09499979       31.0269661    
   7.09999990       31.0269661    
   7.10500002       31.0269661    
   7.10999966       31.0269661    
   7.11499977       31.0269661    
   7.11999989       31.0269661    
   7.12500000       31.0269661    
   7.12999964       31.0269642    
   7.13499975       31.0269642    
   7.13999987       31.0269642    
   7.14499998       31.0269642    
   7.14999962       31.0269642    
   7.15499973       31.0269642    
   7.15999985       31.0269642    
   7.16499996       31.0269642    
   7.17000008       31.0269642    
   7.17499971       31.0269642    
   7.17999983       31.0269642    
   7.18499994       31.0269642    
   7.19000006       31.0269642    
   7.19499969       31.0269642    
   7.19999981       31.0269642    
   7.20499992       31.0269642    
   7.21000004       31.0269642    
   7.21499968       31.0269642    
   7.21999979       31.0269642    
   7.22499990       31.0269642    
   7.23000002       31.0269642    
   7.23499966       31.0269642    
   7.23999977       31.0269623    
   7.24499989       31.0269623    
   7.25000000       31.0269623    
   7.25499964       31.0269623    
   7.25999975       31.0269623    
   7.26499987       31.0269623    
   7.26999998       31.0269623    
   7.27499962       31.0269623    
   7.27999973       31.0269604    
   7.28499985       31.0269604    
   7.28999996       31.0269604    
   7.29499960       31.0269604    
   7.29999971       31.0269604    
   7.30499983       31.0269604    
   7.30999994       31.0269585    
   7.31500006       31.0269585    
   7.31999969       31.0269585    
   7.32499981       31.0269566    
   7.32999992       31.0269566    
   7.33500004       31.0269566    
   7.33999968       31.0269547    
   7.34499979       31.0269547    
   7.34999990       31.0269547    
   7.35500002       31.0269527    
   7.35999966       31.0269527    
   7.36499977       31.0269508    
   7.36999989       31.0269489    
   7.37500000       31.0269489    
   7.37999964       31.0269470    
   7.38499975       31.0269451    
   7.38999987       31.0269432    
   7.39499998       31.0269413    
   7.39999962       31.0269394    
   7.40499973       31.0269375    
   7.40999985       31.0269356    
   7.41499996       31.0269318    
   7.41999960       31.0269299    
   7.42499971       31.0269260    
   7.42999983       31.0269222    
   7.43499994       31.0269184    
   7.44000006       31.0269146    
   7.44499969       31.0269089    
   7.44999981       31.0269089    
   7.45499992       31.0269127    
   7.46000004       31.0269165    
   7.46499968       31.0269184    
   7.46999979       31.0269203    
   7.47499990       31.0269222    
   7.48000002       31.0269203    
   7.48499966       31.0269184    
   7.48999977       31.0269146    
   7.49499989       31.0269146    
   7.50000000       31.0269184    
   7.50499964       31.0269184    
   7.50999975       31.0269165    
   7.51499987       31.0269165    
   7.51999998       31.0269165    
   7.52499962       31.0269165    
   7.52999973       31.0269184    
   7.53499985       31.0269165    
   7.53999996       31.0269203    
   7.54499960       31.0269222    
   7.54999971       31.0269260    
   7.55499983       31.0269279    
   7.55999994       31.0269279    
   7.56500006       31.0269299    
   7.56999969       31.0269299    
   7.57499981       31.0269279    
   7.57999992       31.0269279    
   7.58500004       31.0269279    
   7.58999968       31.0269260    
   7.59499979       31.0269260    
   7.59999990       31.0269279    
   7.60500002       31.0269299    
   7.60999966       31.0269356    
   7.61499977       31.0269432    
   7.61999989       31.0269489    
   7.62500000       31.0269566    
   7.62999964       31.0269680    
   7.63499975       31.0269814    
   7.63999987       31.0270004    
   7.64499998       31.0270252    
   7.64999962       31.0270634    
   7.65499973       31.0271206    
   7.65999985       31.0272007    
   7.66499996       31.0273170    
   7.66999960       31.0274887    
   7.67499971       31.0277328    
   7.67999983       31.0280724    
   7.68499994       31.0284996    
   7.69000006       31.0288658    
   7.69499969       31.0284863    
   7.69999981       31.0246849    
   7.70499992       31.0072556    
   7.71000004       30.9369583    
   7.71499968       30.6712322    
   7.71999979       29.9441681    
   7.72499990       30.8261337    
   7.73000002       32.1366577    
   7.73499966       29.9015388    
   7.73999977       30.6739254    
   7.74499989       31.0389862    
   7.75000000       31.1385727    
   7.75499964       31.1635342    
   7.75999975       31.1692429    
   7.76499987       31.1700726    
   7.76999998       31.1697865    
   7.77499962       31.1693497    
   7.77999973       31.1689854    
   7.78499985       31.1687202    
   7.78999996       31.1685333    
   7.79499960       31.1684093    
   7.79999971       31.1683235    
   7.80499983       31.1682663    
   7.80999994       31.1682243    
   7.81500006       31.1681938    
   7.81999969       31.1681709    
   7.82499981       31.1681538    
   7.82999992       31.1681404    
   7.83500004       31.1681290    
   7.83999968       31.1681232    
   7.84499979       31.1681213    
   7.84999990       31.1681156    
   7.85500002       31.1681118    
   7.85999966       31.1681080    
   7.86499977       31.1681080    
   7.86999989       31.1681099    
   7.87500000       31.1681099    
   7.87999964       31.1681061    
   7.88499975       31.1681042    
   7.88999987       31.1681042    
   7.89499998       31.1681061    
   7.89999962       31.1681080    
   7.90499973       31.1681099    
   7.90999985       31.1681099    
   7.91499996       31.1681061    
   7.91999960       31.1681061    
   7.92499971       31.1681080    
   7.92999983       31.1681080    
   7.93499994       31.1681080    
   7.94000006       31.1681080    
   7.94499969       31.1681099    
   7.94999981       31.1681137    
   7.95499992       31.1681137    
   7.96000004       31.1681099    
   7.96499968       31.1681118    
   7.96999979       31.1681156    
   7.97499990       31.1681175    
   7.98000002       31.1681175    
   7.98499966       31.1681175    
   7.98999977       31.1681156    
   7.99499989       31.1681137    
   8.00000000       31.1681099    
   8.00500011       31.1681042    
   8.01000023       31.1681004    
   8.01499939       31.1681004    
   8.01999950       31.1681042    
   8.02499962       31.1681080    
   8.02999973       31.1681118    
   8.03499985       31.1681156    
   8.03999996       31.1681194    
   8.04500008       31.1681213    
   8.05000019       31.1681232    
   8.05499935       31.1681271    
   8.05999947       31.1681290    
   8.06499958       31.1681309    
   8.06999969       31.1681328    
   8.07499981       31.1681328    
   8.07999992       31.1681347    
   8.08500004       31.1681366    
   8.09000015       31.1681366    
   8.09500027       31.1681385    
   8.09999943       31.1681404    
   8.10499954       31.1681404    
   8.10999966       31.1681423    
   8.11499977       31.1681423    
   8.11999989       31.1681423    
   8.12500000       31.1681442    
   8.13000011       31.1681442    
   8.13500023       31.1681442    
   8.13999939       31.1681461    
   8.14499950       31.1681461    
   8.14999962       31.1681461    
   8.15499973       31.1681461    
   8.15999985       31.1681461    
   8.16499996       31.1681480    
   8.17000008       31.1681480    
   8.17500019       31.1681480    
   8.17999935       31.1681480    
   8.18499947       31.1681480    
   8.18999958       31.1681480    
   8.19499969       31.1681499    
   8.19999981       31.1681499    
   8.20499992       31.1681499    
   8.21000004       31.1681499    
   8.21500015       31.1681499    
   8.22000027       31.1681499    
   8.22499943       31.1681499    
   8.22999954       31.1681499    
   8.23499966       31.1681499    
   8.23999977       31.1681499    
   8.24499989       31.1681499    
   8.25000000       31.1681499    
   8.25500011       31.1681499    
   8.26000023       31.1681519    
   8.26499939       31.1681519    
   8.26999950       31.1681519    
   8.27499962       31.1681519    
   8.27999973       31.1681519    
   8.28499985       31.1681519    
   8.28999996       31.1681519    
   8.29500008       31.1681519    
   8.30000019       31.1681519    
   8.30499935       31.1681519    
   8.30999947       31.1681519    
   8.31499958       31.1681519    
   8.31999969       31.1681519    
   8.32499981       31.1681519    
   8.32999992       31.1681519    
   8.33500004       31.1681519    
   8.34000015       31.1681519    
   8.34500027       31.1681519    
   8.34999943       31.1681519    
   8.35499954       31.1681519    
   8.35999966       31.1681519    
   8.36499977       31.1681519    
   8.36999989       31.1681519    
   8.37500000       31.1681519    
   8.38000011       31.1681519    
   8.38500023       31.1681519    
   8.38999939       31.1681519    
   8.39499950       31.1681519    
   8.39999962       31.1681519    
   8.40499973       31.1681519    
   8.40999985       31.1681519    
   8.41499996       31.1681519    
   8.42000008       31.1681519    
   8.42500019       31.1681519    
   8.42999935       31.1681519    
   8.43499947       31.1681519    
   8.43999958       31.1681519    
   8.44499969       31.1681519    
   8.44999981       31.1681519    
   8.45499992       31.1681519    
   8.46000004       31.1681519    
   8.46500015       31.1681519    
   8.47000027       31.1681519    
   8.47499943       31.1681519    
   8.47999954       31.1681519    
   8.48499966       31.1681519    
   8.48999977       31.1681519    
   8.49499989       31.1681519    
   8.50000000       31.1681519    
   8.50500011       31.1681519    
   8.51000023       31.1681519    
   8.51499939       31.1681519    
   8.51999950       31.1681519    
   8.52499962       31.1681519    
   8.52999973       31.1681519    
   8.53499985       31.1681519    
   8.53999996       31.1681519    
   8.54500008       31.1681519    
   8.55000019       31.1681519    
   8.55499935       31.1681519    
   8.55999947       31.1681519    
   8.56499958       31.1681519    
   8.56999969       31.1681519    
   8.57499981       31.1681519    
   8.57999992       31.1681519    
   8.58500004       31.0894737    
   8.59000015       31.0913734    
   8.59500027       31.0955963    
   8.59999943       31.1019421    
   8.60499954       31.1100731    
   8.60999966       31.1196098    
   8.61499977       31.1300735    
   8.61999989       31.1409492    
   8.62500000       31.1516533    
   8.63000011       31.1617317    
   8.63500023       31.1705894    
   8.63999939       31.1778698    
   8.64499950       31.1831627    
   8.64999962       31.1861343    
   8.65499973       31.1867962    
   8.65999985       31.1849499    
   8.66499996       31.1807632    
   8.67000008       31.1744633    
   8.67500019       31.1664181    
   8.67999935       31.1569443    
   8.68499947       31.1465034    
   8.68999958       31.1356869    
   8.69499969       31.1249809    
   8.69999981       31.1148701    
   8.70499992       31.1059589    
   8.71000004       31.0986137    
   8.71500015       31.0932350    
   8.72000027       31.0901165    
   8.72499943       31.1508751    
   8.72999954       31.1508751    
   8.73499966       31.1508751    
   8.73999977       31.1508751    
   8.74499989       31.1508751    
   8.75000000       31.1508751    
   8.75500011       31.1508751    
   8.76000023       31.1508751    
   8.76499939       31.1508751    
   8.76999950       31.1508751    
   8.77499962       31.1508751    
   8.77999973       31.1508751    
   8.78499985       31.1508751    
   8.78999996       31.1508751    
   8.79500008       31.1508751    
   8.80000019       31.1508751    
   8.80499935       31.1508751    
   8.80999947       31.1508751    
   8.81499958       31.1508751    
   8.81999969       31.1508751    
   8.82499981       31.1508751    
   8.82999992       31.1508751    
   8.83500004       31.1508751    
   8.84000015       31.1508751    
   8.84500027       31.1508751    
   8.84999943       31.1508751    
   8.85499954       31.1508751    
   8.85999966       31.1508751    
   8.86499977       31.1508751    
   8.86999989       31.1508751    
   8.87500000       31.1508751    
   8.88000011       31.1508751    
   8.88500023       31.1508751    
   8.88999939       31.1508751    
   8.89499950       31.1508751    
   8.89999962       31.1508751    
   8.90499973       31.1508751    
   8.90999985       31.1508751    
   8.91499996       31.1508751    
   8.92000008       31.1508751    
   8.92500019       31.1508751    
   8.92999935       31.1508751    
   8.93499947       31.1508751    
   8.93999958       31.1508751    
   8.94499969       31.1508751    
   8.94999981       31.1508751    
   8.95499992       31.1508751    
   8.96000004       31.1508751    
   8.96500015       31.1508751    
   8.97000027       31.1508751    
   8.97499943       31.1508751    
   8.97999954       31.1508751    
   8.98499966       31.1508751    
   8.98999977       31.1508751    
   8.99499989       31.1508751    
   9.00000000       31.1508751    
   9.00500011       31.1508751    
   9.01000023       31.1508751    
   9.01499939       31.1508751    
   9.01999950       31.1508751    
   9.02499962       31.1508751    
   9.02999973       31.1508751    
   9.03499985       31.1508751    
   9.03999996       31.1508751    
   9.04500008       31.1508751    
   9.05000019       31.1508751    
   9.05499935       31.1508732    
   9.05999947       31.1508732    
   9.06499958       31.1508732    
   9.06999969       31.1508732    
   9.07499981       31.1508732    
   9.07999992       31.1508732    
   9.08500004       31.1508732    
   9.09000015       31.1508732    
   9.09500027       31.1508732    
   9.09999943       31.1508732    
   9.10499954       31.1508732    
   9.10999966       31.1508732    
   9.11499977       31.1508713    
   9.11999989       31.1508713    
   9.12500000       31.1508713    
   9.13000011       31.1508713    
   9.13500023       31.1508713    
   9.13999939       31.1508713    
   9.14499950       31.1508713    
   9.14999962       31.1508694    
   9.15499973       31.1508694    
   9.15999985       31.1508694    
   9.16499996       31.1508694    
   9.17000008       31.1508675    
   9.17500019       31.1508675    
   9.17999935       31.1508675    
   9.18499947       31.1508656    
   9.18999958       31.1508656    
   9.19499969       31.1508656    
   9.19999981       31.1508636    
   9.20499992       31.1508636    
   9.21000004       31.1508617    
   9.21500015       31.1508617    
   9.22000027       31.1508598    
   9.22499943       31.1508598    
   9.22999954       31.1508579    
   9.23499966       31.1508560    
   9.23999977       31.1508541    
   9.24499989       31.1508522    
   9.25000000       31.1508503    
   9.25500011       31.1508484    
   9.26000023       31.1508465    
   9.26499939       31.1508446    
   9.26999950       31.1508408    
   9.27499962       31.1508369    
   9.27999973       31.1508350    
   9.28499985       31.1508293    
   9.28999996       31.1508255    
   9.29500008       31.1508217    
   9.30000019       31.1508198    
   9.30499935       31.1508255    
   9.30999947       31.1508293    
   9.31499958       31.1508312    
   9.31999969       31.1508350    
   9.32499981       31.1508350    
   9.32999992       31.1508350    
   9.33500004       31.1508331    
   9.34000015       31.1508312    
   9.34500027       31.1508312    
   9.34999943       31.1508369    
   9.35499954       31.1508369    
   9.35999966       31.1508369    
   9.36499977       31.1508369    
   9.36999989       31.1508389    
   9.37500000       31.1508350    
   9.38000011       31.1508350    
   9.38500023       31.1508369    
   9.38999939       31.1508369    
   9.39499950       31.1508350    
   9.39999962       31.1508312    
   9.40499973       31.1508312    
   9.40999985       31.1508331    
   9.41499996       31.1508312    
   9.42000008       31.1508312    
   9.42500019       31.1508293    
   9.42999935       31.1508274    
   9.43499947       31.1508293    
   9.43999958       31.1508312    
   9.44499969       31.1508331    
   9.44999981       31.1508350    
   9.45499992       31.1508408    
   9.46000004       31.1508446    
   9.46500015       31.1508503    
   9.46999931       31.1508579    
   9.47499943       31.1508656    
   9.47999954       31.1508732    
   9.48499966       31.1508827    
   9.48999977       31.1508980    
   9.49499989       31.1509190    
   9.50000000       31.1509514    
   9.50500011       31.1509991    
   9.51000023       31.1510677    
   9.51499939       31.1511669    
   9.51999950       31.1513138    
   9.52499962       31.1515293    
   9.52999973       31.1518421    
   9.53499985       31.1522522    
   9.53999996       31.1526775    
   9.54500008       31.1526852    
   9.55000019       31.1505318    
   9.55499935       31.1395187    
   9.55999947       31.0939026    
   9.56499958       30.9163151    
   9.56999969       30.3358765    
   9.57499981       30.0624142    
   9.57999992       33.3458176    
   9.58500004       29.9797153    
   9.59000015       30.5203190    
   9.59499931       31.0330181    
   9.59999943       31.1825981    
   9.60499954       31.2206459    
   9.60999966       31.2296982    
   9.61499977       31.2313557    
   9.61999989       31.2312374    
   9.62500000       31.2307968    
   9.63000011       31.2304039    
   9.63500023       31.2301064    
   9.63999939       31.2298985    
   9.64499950       31.2297535    
   9.64999962       31.2296524    
   9.65499973       31.2295799    
   9.65999985       31.2295322    
   9.66499996       31.2295036    
   9.67000008       31.2294807    
   9.67500019       31.2294617    
   9.67999935       31.2294464    
   9.68499947       31.2294388    
   9.68999958       31.2294312    
   9.69499969       31.2294254    
   9.69999981       31.2294197    
   9.70499992       31.2294159    
   9.71000004       31.2294140    
   9.71500015       31.2294140    
   9.71999931       31.2294121    
   9.72499943       31.2294102    
   9.72999954       31.2294083    
   9.73499966       31.2294044    
   9.73999977       31.2294006    
   9.74499989       31.2293987    
   9.75000000       31.2293949    
   9.75500011       31.2293968    
   9.76000023       31.2293987    
   9.76499939       31.2294006    
   9.76999950       31.2294025    
   9.77499962       31.2294064    
   9.77999973       31.2294064    
   9.78499985       31.2294083    
   9.78999996       31.2294102    
   9.79500008       31.2294064    
   9.80000019       31.2294044    
   9.80499935       31.2294064    
   9.80999947       31.2294044    
   9.81499958       31.2294064    
   9.81999969       31.2294102    
   9.82499981       31.2294121    
   9.82999992       31.2294140    
   9.83500004       31.2294121    
   9.84000015       31.2294121    
   9.84499931       31.2294102    
   9.84999943       31.2294064    
   9.85499954       31.2294025    
   9.85999966       31.2293968    
   9.86499977       31.2293968    
   9.86999989       31.2294025    
   9.87500000       31.2294064    
   9.88000011       31.2294102    
   9.88500023       31.2294140    
   9.88999939       31.2294159    
   9.89499950       31.2294197    
   9.89999962       31.2294216    
   9.90499973       31.2294235    
   9.90999985       31.2294254    
   9.91499996       31.2294273    
   9.92000008       31.2294292    
   9.92500019       31.2294312    
   9.92999935       31.2294331    
   9.93499947       31.2294350    
   9.93999958       31.2294350    
   9.94499969       31.2294369    
   9.94999981       31.2294369    
   9.95499992       31.2294388    
   9.96000004       31.2294388    
   9.96500015       31.2294407    
   9.96999931       31.2294407    
   9.97499943       31.2294426    
   9.97999954       31.2294426    
   9.98499966       31.2294426    
   9.98999977       31.2294426    
   9.99499989       31.2294445    
   10.0000000       31.2294445    
