   4.99999989E-03   29.8341217    
   9.99999978E-03   29.8339787    
   1.49999997E-02   29.8334885    
   1.99999996E-02   29.8321247    
   2.49999985E-02   29.8286991    
   2.99999993E-02   29.8208809    
   3.50000001E-02   29.7813015    
   3.99999991E-02   29.7763309    
   4.49999981E-02   29.8221035    
   4.99999970E-02   29.8913898    
   5.49999997E-02   29.8419399    
   5.99999987E-02   29.7975178    
   6.49999976E-02   29.7761993    
   7.00000003E-02   29.7528801    
   7.49999955E-02   29.7716408    
   7.99999982E-02   29.7940044    
   8.50000009E-02   29.8349400    
   8.99999961E-02   29.8418865    
   9.49999988E-02   29.8340168    
   9.99999940E-02   29.8146324    
  0.104999997       29.7913589    
  0.109999999       29.7733860    
  0.114999995       29.7919407    
  0.119999997       29.8159332    
  0.125000000       29.8172455    
  0.129999995       29.8180065    
  0.134999990       29.8176727    
  0.140000001       29.8164787    
  0.144999996       29.8151875    
  0.149999991       29.8143711    
  0.155000001       29.8141193    
  0.159999996       29.8142452    
  0.164999992       29.8145294    
  0.170000002       29.8148289    
  0.174999997       29.8150787    
  0.179999992       29.8152618    
  0.185000002       29.8153858    
  0.189999998       29.8154640    
  0.194999993       29.8155117    
  0.199999988       29.8155384    
  0.204999998       29.8155575    
  0.209999993       29.8155708    
  0.214999989       29.8155804    
  0.219999999       29.8155899    
  0.224999994       29.8155975    
  0.229999989       29.8156052    
  0.234999999       29.8156090    
  0.239999995       29.8156147    
  0.244999990       29.8156261    
  0.250000000       29.8156395    
  0.254999995       29.8156548    
  0.259999990       29.8156700    
  0.264999986       29.8156834    
  0.269999981       29.8156948    
  0.275000006       29.8157005    
  0.280000001       29.7872448    
  0.284999996       29.7932281    
  0.289999992       29.8023758    
  0.294999987       29.8111382    
  0.299999982       29.8160725    
  0.305000007       29.8152771    
  0.310000002       29.8090630    
  0.314999998       29.7998466    
  0.319999993       29.7912197    
  0.324999988       29.7453423    
  0.329999983       29.7804661    
  0.334999979       29.7944984    
  0.340000004       29.8076591    
  0.344999999       29.8148308    
  0.349999994       29.8132191    
  0.354999989       29.8034458    
  0.359999985       29.7893658    
  0.364999980       29.7764397    
  0.370000005       29.7600613    
  0.375000000       29.7999496    
  0.379999995       29.8101044    
  0.384999990       29.8221016    
  0.389999986       29.8311977    
  0.394999981       29.8336563    
  0.399999976       29.8280888    
  0.405000001       29.8157768    
  0.409999996       29.7995110    
  0.414999992       29.7811184    
  0.419999987       29.7801380    
  0.424999982       29.7456818    
  0.429999977       29.7658424    
  0.435000002       29.9380951    
  0.439999998       29.8288975    
  0.444999993       29.7352772    
  0.449999988       29.7655792    
  0.454999983       29.7937241    
  0.459999979       29.8070335    
  0.465000004       29.8128242    
  0.469999999       29.8153801    
  0.474999994       29.8165321    
  0.479999989       29.8170490    
  0.484999985       29.8172722    
  0.489999980       29.8173599    
  0.494999975       29.8173809    
  0.500000000       29.8173752    
  0.504999995       29.8173580    
  0.509999990       29.8173370    
  0.514999986       29.8173161    
  0.519999981       29.8172989    
  0.524999976       29.8172836    
  0.529999971       29.8172722    
  0.534999967       29.8172626    
  0.539999962       29.8172550    
  0.545000017       29.8172493    
  0.550000012       29.8172436    
  0.555000007       29.8172398    
  0.560000002       29.8172359    
  0.564999998       29.8172302    
  0.569999993       29.8172264    
  0.574999988       29.8172226    
  0.579999983       29.8172188    
  0.584999979       29.6929493    
  0.589999974       29.7158546    
  0.594999969       29.7536545    
  0.599999964       29.6925583    
  0.604999959       29.7381420    
  0.610000014       29.7709999    
  0.615000010       29.7783222    
  0.620000005       29.7572556    
  0.625000000       29.7159977    
  0.629999995       29.6706333    
  0.634999990       29.7598686    
  0.639999986       29.7290249    
  0.644999981       29.7129021    
  0.649999976       29.7990360    
  0.654999971       29.7990417    
  0.659999967       29.7990494    
  0.664999962       29.7990608    
  0.669999957       29.7990742    
  0.675000012       29.7990913    
  0.680000007       29.7991142    
  0.685000002       29.7991409    
  0.689999998       29.7991734    
  0.694999993       29.7992096    
  0.699999988       29.7992363    
  0.704999983       29.7992382    
  0.709999979       29.7991676    
  0.714999974       29.7989101    
  0.719999969       29.7981930    
  0.724999964       29.7963753    
  0.729999959       29.7920246    
  0.734999955       29.7824402    
  0.740000010       29.7658634    
  0.745000005       29.7581120    
  0.750000000       29.8107414    
  0.754999995       29.8558197    
  0.759999990       29.7845554    
  0.764999986       29.7569561    
  0.769999981       29.7720261    
  0.774999976       29.7865105    
  0.779999971       29.7939796    
  0.784999967       29.7972622    
  0.789999962       29.7986259    
  0.794999957       29.7991772    
  0.799999952       29.7993965    
  0.805000007       29.7994843    
  0.810000002       29.7995186    
  0.814999998       29.7995090    
  0.819999993       29.7993870    
  0.824999988       29.7989388    
  0.829999983       29.7975731    
  0.834999979       29.7937298    
  0.839999974       29.7836456    
  0.844999969       29.7610798    
  0.849999964       29.7348461    
  0.854999959       29.7933311    
  0.859999955       29.8952808    
  0.865000010       29.7734184    
  0.870000005       29.7370872    
  0.875000000       29.7674179    
  0.879999995       29.8069401    
  0.884999990       29.8394890    
  0.889999986       29.8618774    
  0.894999981       29.8699493    
  0.899999976       29.8623428    
  0.904999971       29.8426609    
  0.909999967       29.8187962    
  0.914999962       29.8001156    
  0.919999957       29.8183823    
  0.924999952       29.8183517    
  0.930000007       29.8183327    
  0.935000002       29.8183231    
  0.939999998       29.8183231    
  0.944999993       29.7881870    
  0.949999988       29.7936497    
  0.954999983       29.8036118    
  0.959999979       29.8142128    
  0.964999974       29.8212738    
  0.969999969       29.8220024    
  0.974999964       29.8159943    
  0.979999959       29.8052425    
  0.984999955       29.7932472    
  0.989999950       29.7831326    
  0.995000005       29.8093662    
   1.00000000       29.7980995    
   1.00500000       29.7904854    
   1.00999999       29.7583199    
   1.01499999       29.8157768    
   1.01999998       29.8034286    
   1.02499998       29.7814770    
   1.02999997       29.7934418    
   1.03499997       29.8046131    
   1.03999996       29.8011150    
   1.04499996       29.7872314    
   1.04999995       29.7717838    
   1.05499995       29.7626972    
   1.05999994       29.8187904    
   1.06499994       29.8189373    
   1.06999993       29.8189468    
   1.07499993       29.8188133    
   1.07999992       29.8184528    
   1.08499992       29.8176785    
   1.09000003       29.8162098    
   1.09500003       29.8138332    
   1.10000002       29.8110371    
   1.10500002       29.8104191    
   1.11000001       29.8168087    
   1.11500001       29.8293018    
   1.12000000       29.8330860    
   1.12500000       29.8223419    
   1.13000000       29.8121777    
   1.13499999       29.8101826    
   1.13999999       29.8124847    
   1.14499998       29.8151855    
   1.14999998       29.8170414    
   1.15499997       29.8180733    
   1.15999997       29.8185768    
   1.16499996       29.8187904    
   1.16999996       29.8188591    
   1.17499995       29.8188629    
   1.17999995       29.8188381    
   1.18499994       29.8188095    
   1.18999994       29.8187847    
   1.19499993       29.8187637    
   1.19999993       29.8187447    
   1.20499992       29.8187313    
   1.20999992       29.8187218    
   1.21499991       29.8187180    
   1.22000003       29.8187160    
   1.22500002       29.8187180    
   1.23000002       29.8187237    
   1.23500001       29.8187313    
   1.24000001       29.8187408    
   1.24500000       29.8187561    
   1.25000000       29.8187752    
   1.25500000       29.8187981    
   1.25999999       29.8188210    
   1.26499999       29.8188477    
   1.26999998       29.8188705    
   1.27499998       29.8188782    
   1.27999997       29.8188553    
   1.28499997       29.8022823    
   1.28999996       29.8089104    
   1.29499996       29.8177643    
   1.29999995       29.8252525    
   1.30499995       29.8283329    
   1.30999994       29.8257980    
   1.31499994       29.8188133    
   1.31999993       29.8103466    
   1.32499993       29.8035107    
   1.32999992       29.7619209    
   1.33499992       29.7778645    
   1.33999991       29.7873306    
   1.34500003       29.7955170    
   1.35000002       29.7916603    
   1.35500002       29.7370720    
   1.36000001       29.6326408    
   1.36500001       29.8558006    
   1.37000000       29.9028206    
   1.37500000       29.6013222    
   1.38000000       29.7299461    
   1.38499999       29.7840900    
   1.38999999       29.7966709    
   1.39499998       29.7969933    
   1.39999998       29.7965813    
   1.40499997       29.7982235    
   1.40999997       29.7983475    
   1.41499996       29.7983665    
   1.41999996       29.7983646    
   1.42499995       29.7983685    
   1.42999995       29.7983799    
   1.43499994       29.7983990    
   1.43999994       29.7984161    
   1.44499993       29.7984219    
   1.44999993       29.7984142    
   1.45499992       29.7983875    
   1.45999992       29.7983456    
   1.46499991       29.7982941    
   1.46999991       29.7982388    
   1.47500002       29.7981911    
   1.48000002       29.7981529    
   1.48500001       29.7981300    
   1.49000001       29.7981167    
   1.49500000       29.7981148    
   1.50000000       29.7981224    
   1.50500000       29.7981377    
   1.50999999       29.7981548    
   1.51499999       29.7981739    
   1.51999998       29.7981968    
   1.52499998       29.7982197    
   1.52999997       29.7982407    
   1.53499997       29.7982540    
   1.53999996       29.7982578    
   1.54499996       29.7982445    
   1.54999995       29.7981968    
   1.55499995       29.7981014    
   1.55999994       29.7979259    
   1.56499994       29.7976418    
   1.56999993       29.7972221    
   1.57499993       29.7966881    
   1.57999992       29.7961617    
   1.58499992       29.7959576    
   1.58999991       29.7965698    
   1.59499991       29.7983265    
   1.59999990       29.8006725    
   1.60500002       29.8020096    
   1.61000001       29.8011818    
   1.61500001       29.7989254    
   1.62000000       29.7969189    
   1.62500000       29.7982483    
   1.63000000       29.8186417    
   1.63499999       29.8442745    
   1.63999999       29.8649807    
   1.64499998       29.7812939    
   1.64999998       29.7965240    
   1.65499997       29.8096275    
   1.65999997       29.8156052    
   1.66499996       29.8121948    
   1.66999996       29.8269272    
   1.67499995       29.8027821    
   1.67999995       29.7688580    
   1.68499994       29.7383881    
   1.68999994       29.7232552    
   1.69499993       29.7975140    
   1.69999993       29.7975082    
   1.70499992       29.7975044    
   1.70999992       29.7975044    
   1.71499991       29.7975082    
   1.71999991       29.7975140    
   1.72499990       29.7605610    
   1.73000002       29.7704926    
   1.73500001       29.7844563    
   1.74000001       29.7972279    
   1.74500000       29.8040104    
   1.75000000       29.8021946    
   1.75500000       29.7924309    
   1.75999999       29.7782459    
   1.76499999       29.7647171    
   1.76999998       29.7562408    
   1.77499998       29.7846565    
   1.77999997       29.7803154    
   1.78499997       29.7732716    
   1.78999996       29.6370564    
   1.79499996       29.6729527    
   1.79999995       29.7463379    
   1.80499995       29.7888641    
   1.80999994       29.7787819    
   1.81499994       29.7631645    
   1.81999993       29.7416897    
   1.82499993       29.7082787    
   1.82999992       29.6739712    
   1.83499992       29.6542702    
   1.83999991       29.7780380    
   1.84499991       29.7780132    
   1.84999990       29.7196217    
   1.85499990       29.7455654    
   1.86000001       29.7776890    
   1.86500001       29.8042603    
   1.87000000       29.8171005    
   1.87500000       29.8155842    
   1.88000000       29.8019733    
   1.88499999       29.7733154    
   1.88999999       29.7361164    
   1.89499998       29.7134380    
   1.89999998       29.7471352    
   1.90499997       29.7490292    
   1.90999997       29.7516346    
   1.91499996       29.7536087    
   1.91999996       29.7548008    
   1.92499995       29.7553253    
   1.92999995       29.7551899    
   1.93499994       29.7541409    
   1.93999994       29.7515488    
   1.94499993       29.7465801    
   1.94999993       29.7397995    
   1.95499992       29.7385864    
   1.95999992       29.7586002    
   1.96499991       29.7855778    
   1.96999991       29.7704849    
   1.97499990       29.7426472    
   1.97999990       29.7376671    
   1.98500001       29.7437363    
   1.99000001       29.7494793    
   1.99500000       29.6265030    
   2.00000000       29.6594505    
   2.00499988       29.7051716    
   2.00999999       29.7474194    
   2.01499987       29.7706795    
   2.01999998       29.7663021    
   2.02499986       29.7359238    
   2.02999997       29.6909027    
   2.03499985       29.6480427    
   2.03999996       29.6230965    
   2.04499984       29.7309170    
   2.04999995       29.7305527    
   2.05500007       29.7304630    
   2.05999994       29.7305489    
   2.06500006       29.7306957    
   2.06999993       29.7308273    
   2.07500005       29.7309017    
   2.07999992       29.7309113    
   2.08500004       29.7308788    
   2.08999991       29.7308521    
   2.09500003       29.7308979    
   2.09999990       29.7310658    
   2.10500002       29.7313576    
   2.10999990       29.7316856    
   2.11500001       29.7319126    
   2.11999989       29.7319412    
   2.12500000       29.7317657    
   2.12999988       29.7313862    
   2.13499999       29.7304764    
   2.13999987       29.7274933    
   2.14499998       29.7169170    
   2.14999986       29.6814499    
   2.15499997       29.5364285    
   2.15999985       29.5956230    
   2.16499996       29.9684029    
   2.16999984       29.5787373    
   2.17499995       29.6261387    
   2.18000007       29.6998978    
   2.18499994       29.7143936    
   2.19000006       29.7037106    
   2.19499993       29.6884060    
   2.20000005       29.6793499    
   2.20499992       29.7320995    
   2.21000004       29.7320175    
   2.21499991       29.7319317    
   2.22000003       29.7318630    
   2.22499990       29.7318115    
   2.23000002       29.7317772    
   2.23499990       29.7317505    
   2.24000001       29.7317314    
   2.24499989       29.7317200    
   2.25000000       29.7317104    
   2.25499988       29.7317066    
   2.25999999       29.7317028    
   2.26499987       29.7316990    
   2.26999998       29.7316971    
   2.27499986       29.7316971    
   2.27999997       29.7316990    
   2.28499985       29.7317028    
   2.28999996       29.7317104    
   2.29499984       29.7317219    
   2.29999995       29.7317352    
   2.30500007       29.7317562    
   2.30999994       29.7317867    
   2.31500006       29.7318287    
   2.31999993       29.7318916    
   2.32500005       29.7319794    
   2.32999992       29.7320995    
   2.33500004       29.7322350    
   2.33999991       29.7322979    
   2.34500003       29.7319469    
   2.34999990       29.7300262    
   2.35500002       29.7230854    
   2.35999990       29.7029152    
   2.36500001       29.6648617    
   2.36999989       29.6866665    
   2.37500000       29.8562431    
   2.37999988       29.7239094    
   2.38499999       29.6266041    
   2.38999987       29.6292343    
   2.39499998       29.6076622    
   2.39999986       29.5228310    
   2.40499997       29.9658279    
   2.40999985       29.6281662    
   2.41499996       29.4475040    
   2.41999984       29.6117668    
   2.42499995       29.6762505    
   2.42999983       29.6969166    
   2.43499994       29.7045059    
   2.44000006       29.7068901    
   2.44499993       29.7060337    
   2.45000005       29.7030354    
   2.45499992       29.6992397    
   2.46000004       29.6961403    
   2.46499991       29.6953030    
   2.47000003       29.6950893    
   2.47499990       29.6946106    
   2.48000002       29.6936035    
   2.48499990       29.6917248    
   2.49000001       29.6888657    
   2.49499989       29.6862202    
   2.50000000       29.6879539    
   2.50499988       29.6986179    
   2.50999999       29.7103100    
   2.51499987       29.7061615    
   2.51999998       29.6927052    
   2.52499986       29.6861897    
   2.52999997       29.6871376    
   2.53499985       29.6119862    
   2.53999996       29.6438847    
   2.54499984       29.6854076    
   2.54999995       29.7211571    
   2.55499983       29.7378635    
   2.55999994       29.7292557    
   2.56500006       29.6988773    
   2.56999993       29.6586132    
   2.57500005       29.6242046    
   2.57999992       29.6090317    
   2.58500004       29.6571121    
   2.58999991       29.6570969    
   2.59500003       29.6570854    
   2.59999990       29.6570797    
   2.60500002       29.6570759    
   2.60999990       29.6570759    
   2.61500001       29.6570759    
   2.61999989       29.6570759    
   2.62500000       29.6570778    
   2.62999988       29.6570797    
   2.63499999       29.6570816    
   2.63999987       29.6570816    
   2.64499998       29.6570797    
   2.64999986       29.6570797    
   2.65499997       29.6570797    
   2.65999985       29.6570797    
   2.66499996       29.6570778    
   2.66999984       29.6570778    
   2.67499995       29.6570778    
   2.67999983       29.6570778    
   2.68499994       29.6570797    
   2.69000006       29.6570797    
   2.69499993       29.6570797    
   2.70000005       29.6570816    
   2.70499992       29.6570797    
   2.71000004       29.6570778    
   2.71499991       29.6570759    
   2.72000003       29.6570740    
   2.72499990       29.6570702    
   2.73000002       29.6570683    
   2.73499990       29.6570644    
   2.74000001       29.6570644    
   2.74499989       29.6570625    
   2.75000000       29.6570606    
   2.75499988       29.6570568    
   2.75999999       29.6570549    
   2.76499987       29.6570530    
   2.76999998       29.6570530    
   2.77499986       29.6570568    
   2.77999997       29.6570568    
   2.78499985       29.4513340    
   2.78999996       29.4890060    
   2.79499984       29.5595188    
   2.79999995       29.6353283    
   2.80499983       29.6869221    
   2.80999994       29.6941166    
   2.81499982       29.6541405    
   2.81999993       29.5825844    
   2.82500005       29.5073357    
   2.82999992       29.4577503    
   2.83500004       29.6884518    
   2.83999991       29.6884537    
   2.84500003       29.6884537    
   2.84999990       29.6884537    
   2.85500002       29.6884537    
   2.85999990       29.6884537    
   2.86500001       29.6884537    
   2.86999989       29.6733990    
   2.87500000       29.6766891    
   2.87999988       29.6816540    
   2.88499999       29.6863613    
   2.88999987       29.6889706    
   2.89499998       29.6884689    
   2.89999986       29.6850719    
   2.90499997       29.6800766    
   2.90999985       29.6754475    
   2.91499996       29.6729813    
   2.91999984       29.6863403    
   2.92499995       29.6863537    
   2.92999983       29.6863708    
   2.93499994       29.6863899    
   2.93999982       29.6864166    
   2.94499993       29.6864471    
   2.95000005       29.6864815    
   2.95499992       29.6865101    
   2.96000004       29.6865196    
   2.96499991       29.6401024    
   2.97000003       29.6582756    
   2.97499990       29.6827965    
   2.98000002       29.7040081    
   2.98499990       29.7136192    
   2.99000001       29.7080269    
   2.99499989       29.6897144    
   3.00000000       29.6659698    
   3.00499988       29.6457348    
   3.00999999       29.5907059    
   3.01499987       29.6256790    
   3.01999998       29.6384811    
   3.02499986       29.6515656    
   3.02999997       29.6594925    
   3.03499985       29.6587124    
   3.03999996       29.6492290    
   3.04499984       29.6347084    
   3.04999995       29.6211109    
   3.05499983       29.6143875    
   3.05999994       29.6601810    
   3.06499982       29.6626720    
   3.06999993       29.6632938    
   3.07500005       29.6613026    
   3.07999992       29.6581841    
   3.08500004       29.6555271    
   3.08999991       29.6534233    
   3.09500003       29.6509857    
   3.09999990       29.6477757    
   3.10500002       29.6459026    
   3.10999990       29.6519184    
   3.11500001       29.6686249    
   3.11999989       29.6767960    
   3.12500000       29.6630859    
   3.12999988       29.6493721    
   3.13499999       29.6473255    
   3.13999987       29.6508045    
   3.14499998       29.6544495    
   3.14999986       29.6568794    
   3.15499997       29.6579018    
   3.15999985       29.6593132    
   3.16499996       29.6614342    
   3.16999984       29.6637497    
   3.17499995       29.6655178    
   3.17999983       29.6661263    
   3.18499994       29.6653748    
   3.18999982       29.6635704    
   3.19499993       29.6614208    
   3.19999981       29.6597595    
   3.20499992       29.6621456    
   3.21000004       29.6621265    
   3.21499991       29.6621037    
   3.22000003       29.6620770    
   3.22499990       29.6620464    
   3.23000002       29.6620178    
   3.23499990       29.6619949    
   3.24000001       29.6619854    
   3.24499989       29.6619930    
   3.25000000       29.6620274    
   3.25499988       29.6620846    
   3.25999999       29.6621590    
   3.26499987       29.6622391    
   3.26999998       29.6623020    
   3.27499986       29.6623421    
   3.27999997       29.6623440    
   3.28499985       29.6622982    
   3.28999996       29.6621628    
   3.29499984       29.6618443    
   3.29999995       29.6611328    
   3.30499983       29.6595917    
   3.30999994       29.6563778    
   3.31499982       29.6501293    
   3.31999993       29.6397476    
   3.32499981       29.6292229    
   3.32999992       29.6388378    
   3.33500004       29.6859627    
   3.33999991       29.7043457    
   3.34500003       29.6642075    
   3.34999990       29.6373081    
   3.35500002       29.6348801    
   3.35999990       29.6363850    
   3.36500001       29.5997791    
   3.36999989       29.5466442    
   3.37500000       29.5317879    
   3.37999988       29.9041843    
   3.38499999       29.6216393    
   3.38999987       29.4771652    
   3.39499998       29.5680046    
   3.39999986       29.6186676    
   3.40499997       29.6433468    
   3.40999985       29.6542358    
   3.41499996       29.6632977    
   3.41999984       29.6454830    
   3.42499995       29.6196957    
   3.42999983       29.5952053    
   3.43499994       29.5802975    
   3.43999982       29.6329670    
   3.44499993       29.6329975    
   3.44999981       29.4767799    
   3.45499992       29.5060215    
   3.46000004       29.5525341    
   3.46499991       29.5951443    
   3.47000003       29.6076775    
   3.47499990       29.5629692    
   3.48000002       29.4874344    
   3.48499990       29.6390362    
   3.49000001       29.5841732    
   3.49499989       29.3634186    
   3.50000000       29.5617428    
   3.50499988       29.6043701    
   3.50999999       29.6200619    
   3.51499987       29.6246910    
   3.51999998       29.6257858    
   3.52499986       29.6259289    
   3.52999997       29.6260128    
   3.53499985       29.6263809    
   3.53999996       29.6270714    
   3.54499984       29.6276855    
   3.54999995       29.6270828    
   3.55499983       29.6224651    
   3.55999994       29.5981922    
   3.56499982       29.5433178    
   3.56999993       29.4193211    
   3.57499981       29.6191826    
   3.57999992       29.7204285    
   3.58500004       29.3890324    
   3.58999991       29.5487022    
   3.59500003       29.6529732    
   3.59999990       29.6885986    
   3.60500002       29.6763268    
   3.60999990       29.6317749    
   3.61500001       29.5754414    
   3.61999989       29.5302334    
   3.62500000       29.5378647    
   3.62999988       29.5350170    
   3.63499999       29.5135593    
   3.63999987       29.3714848    
   3.64499998       28.7158947    
   3.64999986       31.4445896    
   3.65499997       28.7220287    
   3.65999985       29.3717747    
   3.66499996       29.4965858    
   3.66999984       29.4752731    
   3.67499995       29.4314365    
   3.67999983       29.6094170    
   3.68499994       29.6232586    
   3.68999982       29.4301472    
   3.69499993       29.4707413    
   3.69999981       29.5102634    
   3.70499992       29.5093269    
   3.70999980       29.5119267    
   3.71499991       29.5281963    
   3.72000003       29.5645199    
   3.72499990       29.5685253    
   3.73000002       29.5357800    
   3.73499990       29.5205727    
   3.74000001       29.5219688    
   3.74499989       29.5256481    
   3.75000000       29.5284576    
   3.75499988       29.5405960    
   3.75999999       29.5417786    
   3.76499987       29.5258236    
   3.76999998       29.5777206    
   3.77499986       29.6433601    
   3.77999997       29.6976643    
   3.78499985       29.7198315    
   3.78999996       29.7013264    
   3.79499984       29.6492672    
   3.79999995       29.5838528    
   3.80499983       29.5302296    
   3.80999994       29.5625038    
   3.81499982       29.5777531    
   3.81999993       29.5777836    
   3.82499981       29.5778255    
   3.82999992       29.5778790    
   3.83499980       29.5779228    
   3.83999991       29.5779076    
   3.84500003       29.5776863    
   3.84999990       29.5768185    
   3.85500002       29.5740318    
   3.85999990       29.5656929    
   3.86500001       29.5427952    
   3.86999989       29.4965420    
   3.87500000       29.5066166    
   3.87999988       29.7129745    
   3.88499999       29.5613956    
   3.88999987       29.4822254    
   3.89499998       29.5290012    
   3.89999986       29.5593433    
   3.90499997       29.5710487    
   3.90999985       29.5750618    
   3.91499996       29.5762691    
   3.91999984       29.5762691    
   3.92499995       29.5752850    
   3.92999983       29.5727482    
   3.93499994       29.5672512    
   3.93999982       29.5569382    
   3.94499993       29.5445538    
   3.94999981       29.5538120    
   3.95499992       29.6070728    
   3.95999980       29.6083508    
   3.96499991       29.5547676    
   3.97000003       29.5444622    
   3.97499990       29.5566673    
   3.98000002       29.5669975    
   3.98499990       29.5688744    
   3.99000001       29.5720577    
   3.99499989       29.5740585    
   4.00000000       29.5750446    
   4.00500011       29.5746403    
   4.00999975       29.5721531    
   4.01499987       29.5667801    
   4.01999998       29.5585117    
   4.02500010       29.5521450    
   4.02999973       29.5632782    
   4.03499985       29.5977955    
   4.03999996       29.5970631    
   4.04500008       29.5657539    
   4.04999971       29.5546989    
   4.05499983       29.5601559    
   4.05999994       29.5671978    
   4.06500006       29.5717125    
   4.06999969       29.5741043    
   4.07499981       29.5752792    
   4.07999992       29.5758381    
   4.08500004       29.5760899    
   4.08999968       29.5761986    
   4.09499979       29.5762348    
   4.09999990       29.5762367    
   4.10500002       29.5762215    
   4.11000013       29.5761909    
   4.11499977       29.5761490    
   4.11999989       29.5760937    
   4.12500000       29.5760117    
   4.13000011       29.5758953    
   4.13499975       29.5757294    
   4.13999987       29.5754986    
   4.14499998       29.5751934    
   4.15000010       29.5748234    
   4.15499973       29.5744457    
   4.15999985       29.5742073    
   4.16499996       29.5743637    
   4.17000008       29.5751801    
   4.17499971       29.5766277    
   4.17999983       29.5125580    
   4.18499994       29.5176964    
   4.19000006       29.5343494    
   4.19499969       29.5565491    
   4.19999981       29.5758266    
   4.20499992       29.5856094    
   4.21000004       29.5841331    
   4.21499968       29.5727959    
   4.21999979       29.5518284    
   4.22499990       29.5242386    
   4.23000002       29.5026970    
   4.23500013       29.5694427    
   4.23999977       29.5717278    
   4.24499989       29.5745087    
   4.25000000       29.5762730    
   4.25500011       29.5771122    
   4.25999975       29.5774193    
   4.26499987       29.5774822    
   4.26999998       29.5725193    
   4.27500010       29.5794353    
   4.27999973       29.5939293    
   4.28499985       29.6107998    
   4.28999996       29.6033096    
   4.29500008       29.6132870    
   4.29999971       29.6198177    
   4.30499983       29.6202545    
   4.30999994       29.6141224    
   4.31500006       29.6033287    
   4.31999969       29.6165237    
   4.32499981       29.6037292    
   4.32999992       29.5892487    
   4.33500004       29.5787258    
   4.33999968       29.6094418    
   4.34499979       29.6094379    
   4.34999990       29.6094246    
   4.35500002       29.6093960    
   4.36000013       29.6093502    
   4.36499977       29.6092930    
   4.36999989       29.6092300    
   4.37500000       29.6091824    
   4.38000011       29.6091747    
   4.38499975       29.6092243    
   4.38999987       29.6070137    
   4.39499998       29.6094093    
   4.40000010       29.6151543    
   4.40499973       29.6220112    
   4.40999985       29.6273117    
   4.41499996       29.6290016    
   4.42000008       29.6264362    
   4.42499971       29.6206017    
   4.42999983       29.6137333    
   4.43499994       29.6084251    
   4.44000006       29.6167011    
   4.44499969       29.6163406    
   4.44999981       29.6158962    
   4.45499992       29.6155968    
   4.46000004       29.6158371    
   4.46499968       29.6169319    
   4.46999979       29.6185856    
   4.47499990       29.6197567    
   4.48000002       29.6194973    
   4.48500013       29.6179905    
   4.48999977       29.6163712    
   4.49499989       29.6155396    
   4.50000000       29.6155758    
   4.50500011       29.6160717    
   4.50999975       29.6166248    
   4.51499987       29.6170444    
   4.51999998       29.6172981    
   4.52500010       29.6174278    
   4.52999973       29.6174812    
   4.53499985       29.6174965    
   4.53999996       29.6174984    
   4.54500008       29.6175022    
   4.54999971       29.6175098    
   4.55499983       29.6175079    
   4.55999994       29.6174412    
   4.56500006       29.6171589    
   4.56999969       29.6162205    
   4.57499981       29.6133690    
   4.57999992       29.6050739    
   4.58500004       29.5827007    
   4.58999968       29.5379925    
   4.59499979       29.5462894    
   4.59999990       29.7441540    
   4.60500002       29.6058617    
   4.61000013       29.5233116    
   4.61499977       29.5679531    
   4.61999989       29.5983753    
   4.62500000       29.5510387    
   4.63000011       29.5771313    
   4.63499975       29.6295395    
   4.63999987       29.6901951    
   4.64499998       29.7362442    
   4.65000010       29.7499962    
   4.65499973       29.7253761    
   4.65999985       29.6796989    
   4.66499996       29.6275997    
   4.67000008       29.5894127    
   4.67499971       29.6987362    
   4.67999983       29.6961308    
   4.68499994       29.6895466    
   4.69000006       29.6815243    
   4.69499969       29.6751499    
   4.69999981       29.6799316    
   4.70499992       29.6799374    
   4.71000004       29.6799431    
   4.71499968       29.6799507    
   4.71999979       29.6799622    
   4.72499990       29.6799755    
   4.73000002       29.6718273    
   4.73499966       29.6764183    
   4.73999977       29.6824436    
   4.74499989       29.6875610    
   4.75000000       29.6897736    
   4.75500011       29.6882172    
   4.75999975       29.6834831    
   4.76499987       29.6774006    
   4.76999998       29.6723232    
   4.77500010       29.6702099    
   4.77999973       29.6729794    
   4.78499985       29.6729717    
   4.78999996       29.6730270    
   4.79500008       29.6731319    
   4.79999971       29.6732273    
   4.80499983       29.6732521    
   4.80999994       29.6731815    
   4.81500006       29.6730461    
   4.81999969       29.6729107    
   4.82499981       29.6728344    
   4.82999992       29.6728287    
   4.83500004       29.6728840    
   4.83999968       29.6729736    
   4.84499979       29.6730785    
   4.84999990       29.6731911    
   4.85500002       29.6733227    
   4.85999966       29.6734791    
   4.86499977       29.6736336    
   4.86999989       29.6735554    
   4.87500000       29.6722145    
   4.88000011       29.6651325    
   4.88499975       29.6329536    
   4.88999987       29.5041714    
   4.89499998       29.3266640    
   4.90000010       30.3252106    
   4.90499973       29.3298988    
   4.90999985       29.5183296    
   4.91499996       29.6429729    
   4.92000008       29.6738739    
   4.92499971       29.6806908    
   4.92999983       29.6820126    
   4.93499994       29.6821098    
   4.94000006       29.6819706    
   4.94499969       29.6818180    
   4.94999981       29.6816978    
   4.95499992       29.6816330    
   4.96000004       29.6816387    
   4.96499968       29.6817379    
   4.96999979       29.6819286    
   4.97499990       29.6821823    
   4.98000002       29.6824303    
   4.98499966       29.6825790    
   4.98999977       29.6825676    
   4.99499989       29.6824036    
   5.00000000       29.6821461    
   5.00500011       29.6818848    
   5.00999975       29.6816864    
   5.01499987       29.6815777    
   5.01999998       29.6815472    
   5.02500010       29.6815720    
   5.02999973       29.6816254    
   5.03499985       29.6816845    
   5.03999996       29.6817417    
   5.04500008       29.6817932    
   5.04999971       29.6818352    
   5.05499983       29.6818695    
   5.05999994       29.6818981    
   5.06500006       29.6024208    
   5.06999969       29.6282921    
   5.07499981       29.6038151    
   5.07999992       29.6550350    
   5.08500004       29.6975899    
   5.08999968       29.7150764    
   5.09499979       29.7004242    
   5.09999990       29.6586800    
   5.10500002       29.6049271    
   5.10999966       29.5584240    
   5.11499977       29.6049423    
   5.11999989       29.5947323    
   5.12500000       29.6435604    
   5.13000011       29.6431675    
   5.13499975       29.6420307    
   5.13999987       29.6389847    
   5.14499998       29.6312504    
   5.15000010       29.6138706    
   5.15499973       29.5888329    
   5.15999985       29.6115685    
   5.16499996       29.7202682    
   5.17000008       29.6559658    
   5.17499971       29.5858536    
   5.17999983       29.6031609    
   5.18499994       29.6253757    
   5.19000006       29.6364193    
   5.19499969       29.6409264    
   5.19999981       29.6426430    
   5.20499992       29.6432571    
   5.21000004       29.6434498    
   5.21499968       29.6434860    
   5.21999979       29.6434727    
   5.22499990       29.6434460    
   5.23000002       29.6434193    
   5.23499966       29.6433964    
   5.23999977       29.6433792    
   5.24499989       29.6433640    
   5.25000000       29.6433525    
   5.25500011       29.6433392    
   5.25999975       29.6433201    
   5.26499987       29.6432934    
   5.26999998       29.6432648    
   5.27500010       29.6432285    
   5.27999973       29.6431942    
   5.28499985       29.6431637    
   5.28999996       29.6431446    
   5.29500008       29.6431370    
   5.29999971       29.6431370    
   5.30499983       29.6431503    
   5.30999994       29.6431751    
   5.31500006       29.6432037    
   5.31999969       29.6432362    
   5.32499981       29.6432629    
   5.32999992       29.6432819    
   5.33500004       29.6432915    
   5.33999968       29.6432991    
   5.34499979       29.6432991    
   5.34999990       29.6432953    
   5.35500002       29.6432896    
   5.35999966       29.6432858    
   5.36499977       29.6432800    
   5.36999989       29.6432743    
   5.37500000       29.6432705    
   5.38000011       29.6432667    
   5.38499975       29.6432629    
   5.38999987       29.6432610    
   5.39499998       29.6432590    
   5.40000010       29.4578476    
   5.40499973       29.4911232    
   5.40999985       29.5513077    
   5.41499996       29.6149483    
   5.42000008       29.6413593    
   5.42499971       29.6492290    
   5.42999983       29.6192322    
   5.43499994       29.5631371    
   5.44000006       29.5027733    
   5.44499969       29.4617081    
   5.44999981       29.6499500    
   5.45499992       29.6471863    
   5.46000004       29.6458340    
   5.46499968       29.6464005    
   5.46999979       29.6624889    
   5.47499990       29.6627922    
   5.48000002       29.6613274    
   5.48499966       29.6586514    
   5.48999977       29.6558304    
   5.49499989       29.6539536    
   5.50000000       29.6600456    
   5.50500011       29.6589584    
   5.50999975       29.6580849    
   5.51499987       29.6590595    
   5.51999998       29.6589890    
   5.52500010       29.6589413    
   5.52999973       29.6589203    
   5.53499985       29.6589165    
   5.53999996       29.6589203    
   5.54500008       29.6589317    
   5.54999971       29.6589680    
   5.55499983       29.6590309    
   5.55999994       29.5880928    
   5.56500006       29.5818729    
   5.56999969       29.6082001    
   5.57499981       29.6366100    
   5.57999992       29.6560345    
   5.58500004       29.6589031    
   5.58999968       29.6441040    
   5.59499979       29.6174183    
   5.59999990       29.5892429    
   5.60500002       29.5705547    
   5.60999966       29.6365147    
   5.61499977       29.6530628    
   5.61999989       29.6530457    
   5.62500000       29.6530323    
   5.62999964       29.6530247    
   5.63499975       29.6530190    
   5.63999987       29.6530190    
   5.64499998       29.6530247    
   5.65000010       29.6530323    
   5.65499973       29.6530418    
   5.65999985       29.6530514    
   5.66499996       29.6530590    
   5.67000008       29.6530647    
   5.67499971       29.6530647    
   5.67999983       29.6530647    
   5.68499994       29.6530609    
   5.69000006       29.6530571    
   5.69499969       29.6530514    
   5.69999981       29.6530457    
   5.70499992       29.6530418    
   5.71000004       29.6530361    
   5.71499968       29.6464214    
   5.71999979       29.6477222    
   5.72499990       29.6497726    
   5.73000002       29.6517677    
   5.73499966       29.6529446    
   5.73999977       29.6528301    
   5.74499989       29.6514778    
   5.75000000       29.6494083    
   5.75499964       29.6474400    
   5.75999975       29.6463356    
   5.76499987       29.6525421    
   5.76999998       29.6525497    
   5.77500010       29.6525593    
   5.77999973       29.6525688    
   5.78499985       29.6525803    
   5.78999996       29.6525936    
   5.79500008       29.6526070    
   5.79999971       29.6526203    
   5.80499983       29.6526356    
   5.80999994       29.6526508    
   5.81500006       29.6526642    
   5.81999969       29.6526661    
   5.82499981       29.6526375    
   5.82999992       29.6525383    
   5.83500004       29.6522903    
   5.83999968       29.6517124    
   5.84499979       29.6504364    
   5.84999990       29.6477299    
   5.85500002       29.6423798    
   5.85999966       29.6336193    
   5.86499977       29.6265984    
   5.86999989       29.6418285    
   5.87500000       29.6813698    
   5.87999964       29.6731892    
   5.88499975       29.5961933    
   5.88999987       29.5998497    
   5.89499998       29.6243324    
   5.90000010       29.6466484    
   5.90499973       29.6583710    
   5.90999985       29.6578712    
   5.91499996       29.6473446    
   5.92000008       29.6319122    
   5.92499971       29.6180916    
   5.92999983       29.6114845    
   5.93499994       29.6406174    
   5.94000006       29.6406193    
   5.94499969       29.6406136    
   5.94999981       29.6406097    
   5.95499992       29.6406097    
   5.96000004       29.6406174    
   5.96499968       29.6406345    
   5.96999979       29.6406593    
   5.97499990       29.6406956    
   5.98000002       29.6407337    
   5.98499966       29.6407566    
   5.98999977       29.6406898    
   5.99499989       29.6403217    
   6.00000000       29.6390247    
   6.00499964       29.6349545    
   6.00999975       29.6228676    
   6.01499987       29.5907707    
   6.01999998       29.5235882    
   6.02500010       29.6144123    
   6.02999973       29.7791080    
   6.03499985       29.5618591    
   6.03999996       29.5638084    
   6.04500008       29.6115170    
   6.04999971       29.6292286    
   6.05499983       29.6261883    
   6.05999994       29.6268368    
   6.06500006       29.6351967    
   6.06999969       29.6591339    
   6.07499981       29.6690121    
   6.07999992       29.6722851    
   6.08500004       29.6677132    
   6.08999968       29.6570740    
   6.09499979       29.6445065    
   6.09999990       29.6348991    
   6.10500002       29.6505585    
   6.10999966       29.6505527    
   6.11499977       29.6505508    
   6.11999989       29.5685234    
   6.12500000       29.5927544    
   6.12999964       29.6268330    
   6.13499975       29.6574707    
   6.13999987       29.6727180    
   6.14499998       29.6666279    
   6.15000010       29.6415615    
   6.15499973       29.6072693    
   6.15999985       29.5770664    
   6.16499996       29.5626068    
   6.17000008       29.6230183    
   6.17499971       29.6219501    
   6.17999983       29.6199741    
   6.18499994       29.6166573    
   6.19000006       29.6122551    
   6.19499969       29.6100349    
   6.19999981       29.6180649    
   6.20499992       29.6366730    
   6.21000004       29.6404934    
   6.21499968       29.6228180    
   6.21999979       29.6108608    
   6.22499990       29.6111565    
   6.23000002       29.4159698    
   6.23499966       29.4566135    
   6.23999977       29.5196362    
   6.24499989       29.5817280    
   6.25000000       29.6196022    
   6.25499964       29.6190205    
   6.25999975       29.5805054    
   6.26499987       29.5192223    
   6.26999998       29.4591446    
   6.27500010       29.4237385    
   6.27999973       29.6200809    
   6.28499985       29.6200676    
   6.28999996       29.6200542    
   6.29500008       29.6200390    
   6.29999971       29.6200218    
   6.30499983       29.6200085    
   6.30999994       29.6199951    
   6.31500006       29.6199837    
   6.31999969       29.6199722    
   6.32499981       29.6199627    
   6.32999992       29.6199532    
   6.33500004       29.6199474    
   6.33999968       29.6199398    
   6.34499979       29.6199360    
   6.34999990       29.6199341    
   6.35500002       29.6199341    
   6.35999966       29.6199341    
   6.36499977       29.6199360    
   6.36999989       29.6199379    
   6.37500000       29.6199379    
   6.37999964       29.6199398    
   6.38499975       29.6199379    
   6.38999987       29.6199379    
   6.39499998       29.6199398    
   6.39999962       29.6199398    
   6.40499973       29.6199417    
   6.40999985       29.5602684    
   6.41499996       29.5714283    
   6.42000008       29.5925961    
   6.42499971       29.6154976    
   6.42999983       29.6312294    
   6.43499994       29.6336365    
   6.44000006       29.6218243    
   6.44499969       29.6003666    
   6.44999981       29.5776138    
   6.45499992       29.5623493    
   6.46000004       29.6315155    
   6.46499968       29.6308613    
   6.46999979       29.6295986    
   6.47499990       29.6276340    
   6.48000002       29.6256294    
   6.48499966       29.6256847    
   6.48999977       29.6331596    
   6.49499989       29.6442585    
   6.50000000       29.6473866    
   6.50499964       29.6396255    
   6.50999975       29.6314678    
   6.51499987       29.6283436    
   6.51999998       29.6282158    
   6.52499962       29.6288795    
   6.52999973       29.6330414    
   6.53499985       29.6335793    
   6.53999996       29.6331711    
   6.54500008       29.6311264    
   6.54999971       29.6250858    
   6.55499983       29.6086216    
   6.55999994       29.5705795    
   6.56500006       29.5378246    
   6.56999969       29.6899281    
   6.57499981       29.7074871    
   6.57999992       29.5435734    
   6.58500004       29.5725918    
   6.58999968       29.6118717    
   6.59499979       29.6271591    
   6.59999990       29.6310024    
   6.60500002       29.6316280    
   6.60999966       29.6319199    
   6.61499977       29.6323986    
   6.61999989       29.6329498    
   6.62500000       29.6334343    
   6.62999964       29.6338024    
   6.63499975       29.6340504    
   6.63999987       29.6341915    
   6.64499998       29.6342487    
   6.64999962       29.6342278    
   6.65499973       29.6341438    
   6.65999985       29.6340141    
   6.66499996       29.6338730    
   6.67000008       29.6337795    
   6.67499971       29.6338177    
   6.67999983       29.6340427    
   6.68499994       29.6344357    
   6.69000006       29.6344643    
   6.69499969       29.6348877    
   6.69999981       29.6352406    
   6.70499992       29.6354046    
   6.71000004       29.6353588    
   6.71499968       29.6304531    
   6.71999979       29.6569138    
   6.72499990       29.6899166    
   6.73000002       29.7165394    
   6.73499966       29.7263927    
   6.73999977       29.7167511    
   6.74499989       29.6894569    
   6.75000000       29.6561909    
   6.75499964       29.6299782    
   6.75999975       29.6494255    
   6.76499987       29.6493187    
   6.76999998       29.6486034    
   6.77499962       29.6458302    
   6.77999973       29.6362476    
   6.78499985       29.6057377    
   6.78999996       29.5331707    
   6.79500008       29.5538921    
   6.79999971       29.8807201    
   6.80499983       29.5484962    
   6.80999994       29.5355721    
   6.81500006       29.6073074    
   6.81999969       29.6371727    
   6.82499981       29.6467228    
   6.82999992       29.6496506    
   6.83500004       29.6504650    
   6.83999968       29.6505089    
   6.84499979       29.6502228    
   6.84999990       29.6498299    
   6.85500002       29.6494579    
   6.85999966       29.6491661    
   6.86499977       29.6489487    
   6.86999989       29.6487541    
   6.87500000       29.6485233    
   6.87999964       29.6482258    
   6.88499975       29.6478958    
   6.88999987       29.6476898    
   6.89499998       29.6478977    
   6.89999962       29.6488094    
   6.90499973       29.6503601    
   6.90999985       29.6518059    
   6.91499996       29.6521378    
   6.92000008       29.6510963    
   6.92499971       29.6494923    
   6.92999983       29.6482983    
   6.93499994       29.6478596    
   6.94000006       29.6479931    
   6.94499969       29.6483727    
   6.94999981       29.6487751    
   6.95499992       29.6490993    
   6.96000004       29.6493244    
   6.96499968       29.6494656    
   6.96999979       29.6495476    
   6.97499990       29.6495953    
   6.98000002       29.6496239    
   6.98499966       29.6496506    
   6.98999977       29.6496773    
   6.99499989       29.6497135    
   7.00000000       29.6497517    
   7.00499964       29.6497669    
   7.00999975       29.6496658    
   7.01499987       29.6491699    
   7.01999998       29.6474476    
   7.02499962       29.6420593    
   7.02999973       29.6262569    
   7.03499985       29.5870762    
   7.03999996       29.4846439    
   7.04500008       29.5983238    
   7.04999971       29.6166973    
   7.05499983       29.4725304    
   7.05999994       29.5601826    
   7.06500006       29.6598034    
   7.06999969       29.7021656    
   7.07499981       29.6816750    
   7.07999992       29.6094170    
   7.08500004       29.5095730    
   7.08999968       29.4837971    
   7.09499979       29.5417919    
   7.09999990       29.6476116    
   7.10500002       29.5323334    
   7.10999966       29.5126495    
   7.11499977       29.4275570    
   7.11999989       29.4608212    
   7.12500000       29.5019150    
   7.12999964       29.5450039    
   7.13499975       29.5787811    
   7.13999987       29.5932751    
   7.14499998       29.5862045    
   7.14999962       29.5649834    
   7.15499973       29.5379982    
   7.15999985       29.5174141    
   7.16499996       29.5964909    
   7.17000008       29.5726719    
   7.17499971       29.5120430    
   7.17999983       29.4847679    
   7.18499994       29.7889252    
   7.19000006       29.5695858    
   7.19499969       29.4774818    
   7.19999981       29.5485954    
   7.20499992       29.5846500    
   7.21000004       29.5967941    
   7.21499968       29.6014385    
   7.21999979       29.6045971    
   7.22499990       29.6069889    
   7.23000002       29.6073399    
   7.23499966       29.6055145    
   7.23999977       29.6032314    
   7.24499989       29.6019878    
   7.25000000       29.6019020    
   7.25499964       29.6023502    
   7.25999975       29.6027679    
   7.26499987       29.6028671    
   7.26999998       29.6025295    
   7.27499962       29.6017227    
   7.27999973       29.6005573    
   7.28499985       29.5995178    
   7.28999996       29.5997925    
   7.29499960       29.6028519    
   7.29999971       29.6081066    
   7.30499983       29.6110840    
   7.30999994       29.6083508    
   7.31500006       29.5755577    
   7.31999969       29.5778675    
   7.32499981       29.5865345    
   7.32999992       29.5967712    
   7.33500004       29.6039047    
   7.33999968       29.6052170    
   7.34499979       29.6005135    
   7.34999990       29.5919437    
   7.35500002       29.5830421    
   7.35999966       29.5773754    
   7.36499977       29.6064243    
   7.36999989       29.6064014    
   7.37500000       29.6063633    
   7.37999964       29.6063194    
   7.38499975       29.6062794    
   7.38999987       29.6062508    
   7.39499998       29.6062374    
   7.39999962       29.6062374    
   7.40499973       29.6062508    
   7.40999985       29.6062756    
   7.41499996       29.6063023    
   7.41999960       29.6063290    
   7.42499971       29.6063538    
   7.42999983       29.6063671    
   7.43499994       29.6063728    
   7.44000006       29.6063671    
   7.44499969       29.6063519    
   7.44999981       29.6063232    
   7.45499992       29.6062775    
   7.46000004       29.6062012    
   7.46499968       29.6060829    
   7.46999979       29.6059093    
   7.47499990       29.6056671    
   7.48000002       29.6053486    
   7.48499966       29.6049824    
   7.48999977       29.6046753    
   7.49499989       29.6046333    
   7.50000000       29.6051464    
   7.50499964       29.6063023    
   7.50999975       29.6073895    
   7.51499987       29.6062584    
   7.51999998       29.5985947    
   7.52499962       29.5756454    
   7.52999973       29.5269527    
   7.53499985       29.5218849    
   7.53999996       29.7418938    
   7.54499960       29.6050282    
   7.54999971       29.5045643    
   7.55499983       29.5536613    
   7.55999994       29.5867214    
   7.56500006       29.5992565    
   7.56999969       29.6034298    
   7.57499981       29.6047325    
   7.57999992       29.6050911    
   7.58500004       29.6051483    
   7.58999968       29.6051197    
   7.59499979       29.6050739    
   7.59999990       29.6050339    
   7.60500002       29.6050014    
   7.60999966       29.6049786    
   7.61499977       29.6049671    
   7.61999989       29.6049633    
   7.62500000       29.6049633    
   7.62999964       29.6049728    
   7.63499975       29.6049919    
   7.63999987       29.6015511    
   7.64499998       29.6025639    
   7.64999962       29.6039867    
   7.65499973       29.6052628    
   7.65999985       29.6058807    
   7.66499996       29.6055241    
   7.66999960       29.6040840    
   7.67499971       29.6015301    
   7.67999983       29.5973663    
   7.68499994       29.5726547    
   7.69000006       29.5712986    
   7.69499969       29.5662174    
   7.69999981       29.5963573    
   7.70499992       29.6834145    
   7.71000004       29.6436234    
   7.71499968       29.5440922    
   7.71999979       29.4641743    
   7.72499990       29.4598999    
   7.73000002       29.8454628    
   7.73499966       29.4812126    
   7.73999977       29.4830780    
   7.74499989       29.5912647    
   7.75000000       29.6449146    
   7.75499964       29.6592083    
   7.75999975       29.5690308    
   7.76499987       29.5538692    
   7.76999998       29.5101147    
   7.77499962       29.5149670    
   7.77999973       29.6177559    
   7.78499985       29.6292076    
   7.78999996       29.6220665    
   7.79499960       29.5991135    
   7.79999971       29.5692425    
   7.80499983       29.5439720    
   7.80999994       29.6078167    
   7.81500006       29.5991611    
   7.81999969       29.6352196    
   7.82499981       29.6353645    
   7.82999992       29.6355095    
   7.83500004       29.6353130    
   7.83999968       29.6329517    
   7.84499979       29.6190376    
   7.84999990       29.5443878    
   7.85500002       29.2197895    
   7.85999966       29.6591530    
   7.86499977       29.2652416    
   7.86999989       29.1430130    
   7.87500000       29.4214287    
   7.87999964       29.4830818    
   7.88499975       29.3229656    
   7.88999987       29.3778191    
   7.89499998       29.4482422    
   7.89999962       29.5101280    
   7.90499973       29.5429840    
   7.90999985       29.5359650    
   7.91499996       29.4923725    
   7.91999960       29.4288216    
   7.92499971       29.3691044    
   7.92999983       29.3351765    
   7.93499994       29.4615974    
   7.94000006       29.4677715    
   7.94499969       29.4771328    
   7.94999981       29.4863567    
   7.95499992       29.4920712    
   7.96000004       29.4921455    
   7.96499968       29.4864769    
   7.96999979       29.4769688    
   7.97499990       29.4667568    
   7.98000002       29.4590473    
   7.98499966       29.4844646    
   7.98999977       29.4844246    
   7.99499989       29.4842815    
   8.00000000       29.4840984    
   8.00500011       29.4839382    
   8.01000023       29.4838371    
   8.01499939       29.4838047    
   8.01999950       29.4838161    
   8.02499962       29.4838486    
   8.02999973       29.4838715    
   8.03499985       29.4838696    
   8.03999996       29.4838276    
   8.04500008       29.4837379    
   8.05000019       29.4836102    
   8.05499935       29.4834766    
   8.05999947       29.4834232    
   8.06499958       29.4835682    
   8.06999969       29.4840012    
   8.07499981       29.4846554    
   8.07999992       29.4852219    
   8.08500004       29.4853230    
   8.09000015       29.4848499    
   8.09500027       29.4840908    
   8.09999943       29.4834633    
   8.10499954       29.4831867    
   8.10999966       29.4832211    
   8.11499977       29.4834194    
   8.11999989       29.4836502    
   8.12500000       29.4838428    
   8.13000011       29.4839783    
   8.13500023       29.4840660    
   8.13999939       29.4841137    
   8.14499950       29.4841366    
   8.14999962       29.4841461    
   8.15499973       29.4841480    
   8.15999985       29.4841423    
   8.16499996       29.4841366    
   8.17000008       29.4758472    
   8.17500019       29.4829712    
   8.17999935       29.5007629    
   8.18499947       29.5222836    
   8.18999958       29.5391331    
   8.19499969       29.5447426    
   8.19999981       29.5369186    
   8.20499992       29.5187149    
   8.21000004       29.4972248    
   8.21500015       29.4808292    
   8.22000027       29.5085392    
   8.22499943       29.5085392    
   8.22999954       29.5085411    
   8.23499966       29.5085430    
   8.23999977       29.5085526    
   8.24499989       29.5085659    
   8.25000000       29.5085869    
   8.25500011       29.5086212    
   8.26000023       29.5086746    
   8.26499939       29.5087566    
   8.26999950       29.5088730    
   8.27499962       29.5089912    
   8.27999973       29.5089340    
   8.28499985       29.5078526    
   8.28999996       29.5019054    
   8.29500008       29.4734650    
   8.30000019       29.3484650    
   8.30499935       29.0861244    
   8.30999947       30.2474251    
   8.31499958       29.0487709    
   8.31999969       29.2704544    
   8.32499981       29.4138069    
   8.32999992       29.4473915    
   8.33500004       29.4544964    
   8.34000015       29.4243145    
   8.34500027       29.4314308    
   8.34999943       29.4418278    
   8.35499954       29.4516258    
   8.35999966       29.4569950    
   8.36499977       29.4558067    
   8.36999989       29.4484940    
   8.37500000       29.4378872    
   8.38000011       29.3605690    
   8.38500023       29.3678303    
   8.38999939       29.4187317    
   8.39499950       29.4438286    
   8.39999962       29.4609451    
   8.40499973       29.4633999    
   8.40999985       29.4502411    
   8.41499996       29.4266033    
   8.42000008       29.4017029    
   8.42500019       29.3852577    
   8.42999935       29.4613075    
   8.43499947       29.4613266    
   8.43999958       29.4613514    
   8.44499969       29.4613876    
   8.44999981       29.4614334    
   8.45499992       29.4614849    
   8.46000004       29.4615326    
   8.46500015       29.4615402    
   8.47000027       29.4613914    
   8.47499943       29.4607410    
   8.47999954       29.4585800    
   8.48499966       29.4519405    
   8.48999977       29.4327641    
   8.49499989       29.3874493    
   8.50000000       29.3593063    
   8.50500011       29.5649033    
   8.51000023       29.4942627    
   8.51499939       29.3521461    
   8.51999950       29.3989429    
   8.52499962       29.4360809    
   8.52999973       29.4496574    
   8.53499985       29.4532032    
   8.53999996       29.4539223    
   8.54500008       29.4558582    
   8.55000019       29.4611111    
   8.55499935       29.4669991    
   8.55999947       29.4671612    
   8.56499958       29.4613628    
   8.56999969       29.4363041    
   8.57499981       29.4381676    
   8.57999992       29.4453621    
   8.58500004       29.4535961    
   8.59000015       29.4593678    
   8.59500027       29.4607315    
   8.59999943       29.4575653    
   8.60499954       29.4514256    
   8.60999966       29.4449272    
   8.61499977       29.4407368    
   8.61999989       29.4621048    
   8.62500000       29.4621334    
   8.63000011       29.4621449    
   8.63500023       29.4621468    
   8.63999939       29.4621429    
   8.64499950       29.4621391    
   8.64999962       29.4621334    
   8.65499973       29.4621277    
   8.65999985       29.4621258    
   8.66499996       29.4621239    
   8.67000008       29.4621220    
   8.67500019       29.4621239    
   8.67999935       29.4621277    
   8.68499947       29.4621315    
   8.68999958       29.4621372    
   8.69499969       29.4621449    
   8.69999981       29.4621563    
   8.70499992       29.3974915    
   8.71000004       29.4404716    
   8.71500015       29.4964314    
   8.72000027       29.5435295    
   8.72499943       29.5633965    
   8.72999954       29.5482578    
   8.73499966       29.5039196    
   8.73999977       29.4475842    
   8.74499989       29.4010792    
   8.75000000       29.3823891    
   8.75500011       29.3943520    
   8.76000023       29.3941917    
   8.76499939       29.3949928    
   8.76999950       29.3969975    
   8.77499962       29.3993225    
   8.77999973       29.4001713    
   8.78499985       29.3987694    
   8.78999996       29.3963814    
   8.79500008       29.3946838    
   8.80000019       29.3941860    
   8.80499935       29.3944740    
   8.80999947       29.3950062    
   8.81499958       29.3954659    
   8.81999969       29.3957634    
   8.82499981       29.3959236    
   8.82999992       29.3960190    
   8.83500004       29.3961334    
   8.84000015       29.3963108    
   8.84500027       29.3965378    
   8.84999943       29.3967476    
   8.85499954       29.3968430    
   8.85999966       29.3967724    
   8.86499977       29.3965645    
   8.86999989       29.3963127    
   8.87500000       29.3961124    
   8.88000011       29.3960133    
   8.88500023       29.3960094    
   8.88999939       29.3960705    
   8.89499950       29.3472805    
   8.89999962       29.3591633    
   8.90499973       29.3838501    
   8.90999985       29.4118309    
   8.91499996       29.4322815    
   8.92000008       29.4372807    
   8.92500019       29.4249115    
   8.92999935       29.3999977    
   8.93499947       29.3722439    
   8.93999958       29.3524475    
   8.94499969       29.4186440    
   8.94999981       29.4186344    
   8.95499992       29.4186249    
   8.96000004       29.4186192    
   8.96500015       29.3606701    
   8.97000027       29.3817577    
   8.97499943       29.4105530    
   8.97999954       29.4358311    
   8.98499966       29.4477673    
   8.98999977       29.4416695    
   8.99499989       29.4199429    
   9.00000000       29.3910465    
   9.00500011       29.3662510    
   9.01000023       29.3552513    
   9.01499939       29.3920593    
   9.01999950       29.3920727    
   9.02499962       29.3920898    
   9.02999973       29.3921108    
   9.03499985       29.3921318    
   9.03999996       29.3921566    
   9.04500008       29.3921738    
   9.05000019       29.3921623    
   9.05499935       29.3920727    
   9.05999947       29.3917847    
   9.06499958       29.3910217    
   9.06999969       29.3891296    
   9.07499981       29.3846760    
   9.07999992       29.3750458    
   9.08500004       29.3589401    
   9.09000015       29.3530865    
   9.09500027       29.4059162    
   9.09999943       29.4448662    
   9.10499954       29.3749352    
   9.10999966       29.3458328    
   9.11499977       29.3488636    
   9.11999989       29.3303738    
   9.12500000       29.2903976    
   9.13000011       29.3702259    
   9.13500023       29.5280876    
   9.13999939       29.3142223    
   9.14499950       29.3002415    
   9.14999962       29.3573551    
   9.15499973       29.4003029    
   9.15999985       29.4052067    
   9.16499996       29.3852921    
   9.17000008       29.3770885    
   9.17500019       29.3785286    
   9.17999935       29.3809242    
   9.18499947       29.3798389    
   9.18999958       29.3754101    
   9.19499969       29.3737488    
   9.19999981       29.3890438    
   9.20499992       29.4158993    
   9.21000004       29.4094543    
   9.21500015       29.3823338    
   9.22000027       29.3728504    
   9.22499943       29.3720913    
   9.22999954       29.3564682    
   9.23499966       29.2906303    
   9.23999977       29.2053642    
   9.24499989       29.6226807    
   9.25000000       29.3429661    
   9.25500011       29.2154217    
   9.26000023       29.3190975    
   9.26499939       29.3620472    
   9.26999950       29.3735790    
   9.27499962       29.3754654    
   9.27999973       29.3742008    
   9.28499985       29.3715477    
   9.28999996       29.3688316    
   9.29500008       29.3692799    
   9.30000019       29.3771820    
   9.30499935       29.3884830    
   9.30999947       29.3882504    
   9.31499958       29.3767700    
   9.31999969       29.3689518    
   9.32499981       29.3685093    
   9.32999992       29.3711166    
   9.33500004       29.3737316    
   9.34000015       29.3755417    
   9.34500027       29.3766327    
   9.34999943       29.3772526    
   9.35499954       29.3775921    
   9.35999966       29.3777714    
   9.36499977       29.3778648    
   9.36999989       29.3779106    
   9.37500000       29.3779316    
   9.38000011       29.3779373    
   9.38500023       29.3779335    
   9.38999939       29.3779278    
   9.39499950       29.3779202    
   9.39999962       29.3779125    
   9.40499973       29.3779068    
   9.40999985       29.3778992    
   9.41499996       29.3759556    
   9.42000008       29.3819065    
   9.42500019       29.3893642    
   9.42999935       29.3954163    
   9.43499947       29.3977032    
   9.43999958       29.3953304    
   9.44499969       29.3892212    
   9.44999981       29.3817558    
   9.45499992       29.3758450    
   9.46000004       29.3793240    
   9.46500015       29.3793240    
   9.46999931       29.3793240    
   9.47499943       29.3793259    
   9.47999954       29.3793259    
   9.48499966       29.3793259    
   9.48999977       29.3793259    
   9.49499989       29.3793259    
   9.50000000       29.3793240    
   9.50500011       29.3793240    
   9.51000023       29.3793221    
   9.51499939       29.3793221    
   9.51999950       29.3205891    
   9.52499962       29.2931252    
   9.52999973       29.3265743    
   9.53499985       29.3663559    
   9.53999996       29.3969898    
   9.54500008       29.4065571    
   9.55000019       29.3913345    
   9.55499935       29.3572540    
   9.55999947       29.3175907    
   9.56499958       29.2877789    
   9.56999969       29.3452702    
   9.57499981       29.3697224    
   9.57999992       29.3697243    
   9.58500004       29.3697281    
   9.59000015       29.3697338    
   9.59499931       29.3697395    
   9.59999943       29.3697472    
   9.60499954       29.3697567    
   9.60999966       29.3697681    
   9.61499977       29.3697796    
   9.61999989       29.3697910    
   9.62500000       29.3698025    
   9.63000011       29.3698082    
   9.63500023       29.3698063    
   9.63999939       29.3697834    
   9.64499950       29.3697300    
   9.64999962       29.3696194    
   9.65499973       29.3694286    
   9.65999985       29.3232861    
   9.66499996       29.3401394    
   9.67000008       29.3783627    
   9.67500019       29.4229774    
   9.67999935       29.4444466    
   9.68499947       29.4702854    
   9.68999958       29.4730625    
   9.69499969       29.4518089    
   9.69999981       29.4141541    
   9.70499992       29.3742733    
   9.71000004       29.4343987    
   9.71500015       29.4120045    
   9.71999931       29.3931675    
   9.72499943       29.3919926    
   9.72999954       29.2059898    
   9.73499966       29.2207088    
   9.73999977       29.2712593    
   9.74499989       29.3243732    
   9.75000000       29.3466396    
   9.75500011       29.3059883    
   9.76000023       29.2052917    
   9.76499939       29.3159409    
   9.76999950       29.4640846    
   9.77499962       29.5326691    
   9.77999973       30.0158844    
   9.78499985       30.3821373    
   9.78999996       30.2837677    
   9.79500008       30.0991497    
   9.80000019       30.1964931    
   9.80499935       30.2459297    
   9.80999947       30.2614059    
   9.81499958       30.2657909    
   9.81999969       30.2669182    
   9.82499981       30.2671146    
   9.82999992       30.2670670    
   9.83500004       30.2669735    
   9.84000015       30.2668896    
   9.84499931       30.2668266    
   9.84999943       30.2667809    
   9.85499954       30.2667484    
   9.85999966       30.2667274    
   9.86499977       30.2667141    
   9.86999989       30.2517128    
   9.87500000       30.2545376    
   9.88000011       30.2599945    
   9.88500023       30.2659321    
   9.88999939       30.2700462    
   9.89499950       30.2707386    
   9.89999962       30.2633629    
   9.90499973       30.2587032    
   9.90999985       30.2545376    
   9.91499996       30.2524872    
   9.92000008       30.2711754    
   9.92500019       30.2713070    
   9.92999935       30.2701397    
   9.93499947       30.2680435    
   9.93999958       30.2657433    
   9.94499969       30.2640896    
   9.94999981       30.1704063    
   9.95499992       30.1910992    
   9.96000004       30.2332287    
   9.96500015       30.2805786    
   9.96999931       30.3145123    
   9.97499943       30.3215504    
   9.97999954       30.2988472    
   9.98499966       30.2555580    
   9.98999977       30.2087975    
   9.99499989       30.1766453    
   10.0000000       30.2993908    
