   9.99999978E-03   49.9999580    
   1.99999996E-02   49.9999619    
   2.99999993E-02   49.9999657    
   3.99999991E-02   49.9999695    
   4.99999970E-02   49.9999695    
   5.99999987E-02   49.9999733    
   7.00000003E-02   49.9999733    
   7.99999982E-02   49.9999695    
   8.99999961E-02   49.9999657    
   9.99999940E-02   49.9999657    
  0.109999999       49.9999695    
  0.119999997       49.9999695    
  0.129999995       49.9999657    
  0.140000001       49.9999657    
  0.149999991       49.9999657    
  0.159999996       49.9999619    
  0.170000002       49.9999657    
  0.179999992       49.9999657    
  0.189999998       49.9999619    
  0.199999988       49.9999619    
  0.209999993       49.9999619    
  0.219999999       49.9999619    
  0.229999989       49.9999580    
  0.239999995       49.9999580    
  0.250000000       49.9999619    
  0.259999990       49.9999657    
  0.269999981       49.9999695    
  0.280000001       49.9999733    
  0.289999992       49.9999809    
  0.299999982       49.9999809    
  0.310000002       49.9999847    
  0.319999993       49.9999886    
  0.329999983       49.9999924    
  0.340000004       50.0000000    
  0.349999994       50.0000114    
  0.359999985       50.0000267    
  0.370000005       50.0000496    
  0.379999995       50.0000877    
  0.389999986       50.0001411    
  0.399999976       50.0002251    
  0.409999996       50.0003510    
  0.419999987       50.0005531    
  0.429999977       50.0008812    
  0.439999998       50.0014114    
  0.449999988       50.0022621    
  0.459999979       50.0035858    
  0.469999999       50.0053787    
  0.479999989       50.0063744    
  0.489999980       49.9981956    
  0.500000000       49.9331436    
  0.509999990       49.5561714    
  0.519999981       48.2831612    
  0.529999971       53.1530571    
  0.539999962       47.8062820    
  0.550000012       49.0059395    
  0.560000002       49.4600372    
  0.569999993       49.5420532    
  0.579999983       49.5534477    
  0.589999974       49.5529823    
  0.599999964       49.5512161    
  0.610000014       49.5498352    
  0.620000005       49.5489349    
  0.629999995       49.5483704    
  0.639999986       49.5480194    
  0.649999976       49.5478020    
  0.659999967       49.5476608    
  0.669999957       49.5475693    
  0.680000007       49.5475082    
  0.689999998       49.5474663    
  0.699999988       49.5474358    
  0.709999979       49.5474129    
  0.719999969       49.5473976    
  0.729999959       49.5473862    
  0.740000010       49.5473862    
  0.750000000       49.5473824    
  0.759999990       49.5473824    
  0.769999981       49.5473785    
  0.779999971       49.5473785    
  0.789999962       49.5473785    
  0.799999952       49.5473747    
  0.810000002       49.5473747    
  0.819999993       49.5473747    
  0.829999983       49.5473785    
  0.839999974       49.5473785    
  0.849999964       49.5473747    
  0.859999955       49.5473747    
  0.870000005       49.5473747    
  0.879999995       49.5473747    
  0.889999986       49.5473747    
  0.899999976       49.5473747    
  0.909999967       49.5473747    
  0.919999957       49.5473709    
  0.930000007       49.5473709    
  0.939999998       49.5473709    
  0.949999988       49.5473709    
  0.959999979       49.5473709    
  0.969999969       49.5473671    
  0.979999959       49.5473671    
  0.989999950       49.5473671    
   1.00000000       49.5473709    
   1.00999999       49.5473671    
   1.01999998       49.5473671    
   1.02999997       49.5473633    
   1.03999996       49.5473633    
   1.04999995       49.5473557    
   1.05999994       49.5473557    
   1.06999993       49.5473633    
   1.07999992       49.5473671    
   1.09000003       49.5473709    
   1.10000002       49.5473709    
   1.11000001       49.5473747    
   1.12000000       49.5473785    
   1.13000000       49.5473785    
   1.13999999       49.5473824    
   1.14999998       49.5473824    
   1.15999997       49.5473862    
   1.16999996       49.5473862    
   1.17999995       49.5473862    
   1.18999994       49.5473900    
   1.19999993       49.5473900    
   1.20999992       49.5473900    
   1.22000003       49.5473938    
   1.23000002       49.5473938    
   1.24000001       49.5473938    
   1.25000000       49.5473938    
   1.25999999       49.5473938    
   1.26999998       49.5473938    
   1.27999997       49.5473976    
   1.28999996       49.5473976    
   1.29999995       49.5473976    
   1.30999994       49.5473976    
   1.31999993       49.5473976    
   1.32999992       49.5473976    
   1.33999991       49.5473976    
   1.35000002       49.5473976    
   1.36000001       49.5473976    
   1.37000000       49.5473976    
   1.38000000       49.5473976    
   1.38999999       49.5474014    
   1.39999998       49.5474014    
   1.40999997       49.5474014    
   1.41999996       49.5474014    
   1.42999995       49.5474014    
   1.43999994       49.5474014    
   1.44999993       49.5474014    
   1.45999992       49.5474014    
   1.46999991       49.5386353    
   1.48000002       49.5392952    
   1.49000001       49.5411530    
   1.50000000       49.5441399    
   1.50999999       49.5481377    
   1.51999998       49.5529823    
   1.52999997       49.5584831    
   1.53999996       49.5644073    
   1.54999995       49.5705414    
   1.55999994       49.5766106    
   1.56999993       49.5823898    
   1.57999992       49.5876808    
   1.58999991       49.5922356    
   1.59999990       49.5958214    
   1.61000001       49.5990448    
   1.62000000       49.6023254    
   1.63000000       49.6055107    
   1.63999999       49.6084976    
   1.64999998       49.6111984    
   1.65999997       49.6134911    
   1.66999996       49.6152687    
   1.67999995       49.6164703    
   1.68999994       49.6170197    
   1.69999993       49.6169395    
   1.70999992       49.6161804    
   1.71999991       49.6148300    
   1.73000002       49.6129074    
   1.74000001       49.6104889    
   1.75000000       49.6076851    
   1.75999999       49.6046104    
   1.76999998       49.6013680    
   1.77999997       49.5981026    
   1.78999996       49.6517677    
   1.79999995       49.6474571    
   1.80999994       49.6423302    
   1.81999993       49.6365891    
   1.82999992       49.6304703    
   1.83999991       49.6242142    
   1.84999990       49.6180687    
   1.86000001       49.6122780    
   1.87000000       49.6070786    
   1.88000000       49.6026726    
   1.88999999       49.5992393    
   1.89999998       49.5969124    
   1.90999997       49.5957909    
   1.91999996       49.6559639    
   1.92999995       49.6559639    
   1.93999994       49.6559601    
   1.94999993       49.6559601    
   1.95999992       49.6559601    
   1.96999991       49.6559601    
   1.97999990       49.6559601    
   1.99000001       49.6559601    
   2.00000000       49.6559601    
   2.00999999       49.6559563    
   2.01999998       49.6559563    
   2.02999997       49.6559563    
   2.03999996       49.6559563    
   2.04999995       49.6559563    
   2.05999994       49.6559525    
   2.06999993       49.6559525    
   2.07999992       49.6559525    
   2.08999991       49.6559486    
   2.09999990       49.6559486    
   2.10999990       49.6559448    
   2.11999989       49.6559448    
   2.12999988       49.6559410    
   2.13999987       49.6559410    
   2.14999986       49.6559372    
   2.15999985       49.6559334    
   2.16999984       49.6559296    
   2.18000007       49.6559258    
   2.19000006       49.6559219    
   2.20000005       49.6559219    
   2.21000004       49.6559258    
   2.22000003       49.6559296    
   2.23000002       49.6559334    
   2.24000001       49.6559372    
   2.25000000       49.6559372    
   2.25999999       49.6559372    
   2.26999998       49.6559334    
   2.27999997       49.6559296    
   2.28999996       49.6559296    
   2.29999995       49.6559334    
   2.30999994       49.6559334    
   2.31999993       49.6559334    
   2.32999992       49.6559334    
   2.33999991       49.6559334    
   2.34999990       49.6559296    
   2.35999990       49.6559334    
   2.36999989       49.6559334    
   2.37999988       49.6559372    
   2.38999987       49.6559410    
   2.39999986       49.6559410    
   2.40999985       49.6559372    
   2.41999984       49.6559372    
   2.42999983       49.6559410    
   2.44000006       49.6559372    
   2.45000005       49.6559372    
   2.46000004       49.6559372    
   2.47000003       49.6559372    
   2.48000002       49.6559372    
   2.49000001       49.6559334    
   2.50000000       49.6559372    
   2.50999999       49.6559448    
   2.51999998       49.6559486    
   2.52999997       49.6559563    
   2.53999996       49.6559677    
   2.54999995       49.6559868    
   2.55999994       49.6560135    
   2.56999993       49.6560555    
   2.57999992       49.6561089    
   2.58999991       49.6561928    
   2.59999990       49.6563187    
   2.60999990       49.6565132    
   2.61999989       49.6568260    
   2.62999988       49.6573296    
   2.63999987       49.6581383    
   2.64999986       49.6594009    
   2.65999985       49.6611252    
   2.66999984       49.6623001    
   2.67999983       49.6559715    
   2.69000006       49.6029892    
   2.70000005       49.2940750    
   2.71000004       48.1208458    
   2.72000003       51.7213631    
   2.73000002       47.1196022    
   2.74000001       47.9733353    
   2.75000000       48.5260620    
   2.75999999       48.6343422    
   2.76999998       48.6512146    
   2.77999997       48.6518021    
   2.78999996       48.6501617    
   2.79999995       48.6487350    
   2.80999994       48.6477699    
   2.81999993       48.6471519    
   2.82999992       48.6467667    
   2.83999991       48.6465187    
   2.84999990       48.6463623    
   2.85999990       48.6462631    
   2.86999989       48.6461983    
   2.87999988       48.6461563    
   2.88999987       48.6461258    
   2.89999986       48.6461029    
   2.90999985       48.6460876    
   2.91999984       48.6460762    
   2.92999983       48.6460686    
   2.93999982       48.6460609    
   2.95000005       48.6460533    
   2.96000004       48.6460533    
   2.97000003       48.6460533    
   2.98000002       48.6460533    
   2.99000001       48.6460571    
   3.00000000       48.6460571    
   3.00999999       48.6460571    
   3.01999998       48.6460571    
   3.02999997       48.6460533    
   3.03999996       48.6460533    
   3.04999995       48.6460571    
   3.05999994       48.6460571    
   3.06999993       48.6460571    
   3.07999992       48.6460533    
   3.08999991       48.6460533    
   3.09999990       48.6460533    
   3.10999990       48.6460495    
   3.11999989       48.6460495    
   3.12999988       48.6460457    
   3.13999987       48.6460457    
   3.14999986       48.6460457    
   3.15999985       48.6460457    
   3.16999984       48.6460419    
   3.17999983       48.6460419    
   3.18999982       48.6460419    
   3.19999981       48.6460457    
   3.21000004       48.6460457    
   3.22000003       48.6460419    
   3.23000002       48.6460419    
   3.24000001       48.6460381    
   3.25000000       48.6460342    
   3.25999999       48.6460342    
   3.26999998       48.6460381    
   3.27999997       48.6460419    
   3.28999996       48.6460457    
   3.29999995       48.6460495    
   3.30999994       48.6460495    
   3.31999993       48.6460533    
   3.32999992       48.6460571    
   3.33999991       48.6460571    
   3.34999990       48.6460609    
   3.35999990       48.6460609    
   3.36999989       48.6460609    
   3.37999988       48.6460648    
   3.38999987       48.6460648    
   3.39999986       48.6460648    
   3.40999985       48.6460686    
   3.41999984       48.6460686    
   3.42999983       48.6460686    
   3.43999982       48.6460686    
   3.44999981       48.6460724    
   3.46000004       48.6460724    
   3.47000003       48.6460724    
   3.48000002       48.6460724    
   3.49000001       48.6460724    
   3.50000000       48.6460724    
   3.50999999       48.6460724    
   3.51999998       48.6460762    
   3.52999997       48.6460762    
   3.53999996       48.6460762    
   3.54999995       48.6460762    
   3.55999994       48.6460762    
   3.56999993       48.6460762    
   3.57999992       48.6460762    
   3.58999991       48.6460762    
   3.59999990       48.6460762    
   3.60999990       48.6460762    
   3.61999989       48.6460762    
   3.62999988       48.6460762    
   3.63999987       48.6460762    
   3.64999986       48.6460762    
   3.65999985       48.6460762    
   3.66999984       48.6460762    
   3.67999983       48.6411934    
   3.68999982       48.6418076    
   3.69999981       48.6435776    
   3.70999980       48.6464310    
   3.72000003       48.6502571    
   3.73000002       48.6548996    
   3.74000001       48.6601639    
   3.75000000       48.6658630    
   3.75999999       48.6717491    
   3.76999998       48.6775894    
   3.77999997       48.6831703    
   3.78999996       48.6882553    
   3.79999995       48.6926155    
   3.80999994       48.6961288    
   3.81999993       48.6986313    
   3.82999992       48.6999931    
   3.83999991       48.7002106    
   3.84999990       48.6992340    
   3.85999990       48.6971169    
   3.86999989       48.6939735    
   3.87999988       48.6898918    
   3.88999987       48.6850281    
   3.89999986       48.6796036    
   3.90999985       48.6738205    
   3.91999984       48.6343536    
   3.92999983       48.6302299    
   3.93999982       48.6276093    
   3.94999981       48.6265907    
   3.95999980       48.6272507    
   3.97000003       48.6295471    
   3.98000002       48.6333313    
   3.99000001       48.6385193    
   4.00000000       48.7004623    
   4.00999975       48.7064667    
   4.01999998       48.7120056    
   4.02999973       48.7168236    
   4.03999996       48.7207298    
   4.04999971       48.7236023    
   4.05999994       48.7253342    
   4.06999969       48.7257996    
   4.07999992       48.7249832    
   4.08999968       48.7229767    
   4.09999990       48.7197990    
   4.11000013       48.7156754    
   4.11999989       48.7106857    
   4.13000011       48.7050323    
   4.13999987       48.6989670    
   4.15000010       48.6926804    
   4.15999985       48.6864738    
   4.17000008       48.6806221    
   4.17999983       48.6752815    
   4.19000006       48.6707497    
   4.19999981       48.6671410    
   4.21000004       48.6646233    
   4.21999979       48.6632919    
   4.23000002       48.7247658    
   4.23999977       48.7247658    
   4.25000000       48.7247658    
   4.25999975       48.7247658    
   4.26999998       48.7247620    
   4.27999973       48.7247620    
   4.28999996       48.7247620    
   4.29999971       48.7247581    
   4.30999994       48.7247581    
   4.31999969       48.7247581    
   4.32999992       48.7247543    
   4.33999968       48.7247543    
   4.34999990       48.7247505    
   4.36000013       48.7247505    
   4.36999989       48.7247467    
   4.38000011       48.7247429    
   4.38999987       48.7247391    
   4.40000010       48.7247353    
   4.40999985       48.7247314    
   4.42000008       48.7247314    
   4.42999983       48.7247353    
   4.44000006       48.7247391    
   4.44999981       48.7247429    
   4.46000004       48.7247429    
   4.46999979       48.7247429    
   4.48000002       48.7247429    
   4.48999977       48.7247429    
   4.50000000       48.7247391    
   4.50999975       48.7247391    
   4.51999998       48.7247391    
   4.52999973       48.7247391    
   4.53999996       48.7247429    
   4.54999971       48.7247429    
   4.55999994       48.7247429    
   4.56999969       48.7247429    
   4.57999992       48.7247429    
   4.58999968       48.7247429    
   4.59999990       48.7247391    
   4.61000013       48.7247391    
   4.61999989       48.7247429    
   4.63000011       48.7247429    
   4.63999987       48.7247467    
   4.65000010       48.7247467    
   4.65999985       48.7247467    
   4.67000008       48.7247467    
   4.67999983       48.7247505    
   4.69000006       48.7247543    
   4.69999981       48.7247505    
   4.71000004       48.7247505    
   4.71999979       48.7247543    
   4.73000002       48.7247581    
   4.73999977       48.7247620    
   4.75000000       48.7247696    
   4.75999975       48.7247810    
   4.76999998       48.7247963    
   4.77999973       48.7248192    
   4.78999996       48.7248459    
   4.79999971       48.7248840    
   4.80999994       48.7249413    
   4.81999969       48.7250290    
   4.82999992       48.7251663    
   4.83999968       48.7253799    
   4.84999990       48.7257195    
   4.85999966       48.7262650    
   4.86999989       48.7271271    
   4.88000011       48.7284355    
   4.88999987       48.7301064    
   4.90000010       48.7306595    
   4.90999985       48.7210732    
   4.92000008       48.6525459    
   4.92999983       48.2790108    
   4.94000006       47.1502762    
   4.94999981       51.5409775    
   4.96000004       46.7930756    
   4.96999979       47.8262863    
   4.98000002       48.2744408    
   4.98999977       48.3603325    
   5.00000000       48.3733253    
   5.00999975       48.3733635    
   5.01999998       48.3717308    
   5.02999973       48.3703766    
   5.03999996       48.3694649    
   5.04999971       48.3688889    
   5.05999994       48.3685265    
   5.06999969       48.3682976    
   5.07999992       48.3681488    
   5.08999968       48.3680496    
   5.09999990       48.3679886    
   5.10999966       48.3679466    
   5.11999989       48.3679237    
   5.13000011       48.3679085    
   5.13999987       48.3678932    
   5.15000010       48.3678818    
   5.15999985       48.3678741    
   5.17000008       48.3678665    
   5.17999983       48.3678627    
   5.19000006       48.3678589    
   5.19999981       48.3678627    
   5.21000004       48.3678589    
   5.21999979       48.3678551    
   5.23000002       48.3678513    
   5.23999977       48.3678513    
   5.25000000       48.3678551    
   5.25999975       48.3678551    
   5.26999998       48.3678551    
   5.27999973       48.3678551    
   5.28999996       48.3678513    
   5.29999971       48.3678513    
   5.30999994       48.3678513    
   5.31999969       48.3678474    
   5.32999992       48.3678474    
   5.33999968       48.3678474    
   5.34999990       48.3678474    
   5.35999966       48.3678436    
   5.36999989       48.3678436    
   5.38000011       48.3678474    
   5.38999987       48.3678474    
   5.40000010       48.3678436    
   5.40999985       48.3678436    
   5.42000008       48.3678436    
   5.42999983       48.3678436    
   5.44000006       48.3678436    
   5.44999981       48.3678436    
   5.46000004       48.3678436    
   5.46999979       48.3678398    
   5.48000002       48.3678360    
   5.48999977       48.3678322    
   5.50000000       48.3678322    
   5.50999975       48.3678360    
   5.51999998       48.3678398    
   5.52999973       48.3678398    
   5.53999996       48.3678436    
   5.54999971       48.3678474    
   5.55999994       48.3678474    
   5.56999969       48.3678513    
   5.57999992       48.3678513    
   5.58999968       48.3678551    
   5.59999990       48.3678551    
   5.60999966       48.3678589    
   5.61999989       48.3678589    
   5.62999964       48.3678589    
   5.63999987       48.3678627    
   5.65000010       48.3678627    
   5.65999985       48.3678627    
   5.67000008       48.3678627    
   5.67999983       48.3678627    
   5.69000006       48.3678665    
   5.69999981       48.3678665    
   5.71000004       48.3678665    
   5.71999979       48.3678665    
   5.73000002       48.3678665    
   5.73999977       48.3678665    
   5.75000000       48.3678665    
   5.75999975       48.3678665    
   5.76999998       48.3678703    
   5.77999973       48.3678703    
   5.78999996       48.3678703    
   5.79999971       48.3678703    
   5.80999994       48.3678703    
   5.81999969       48.3678703    
   5.82999992       48.3678703    
   5.83999968       48.3678703    
   5.84999990       48.3678703    
   5.85999966       48.3678703    
   5.86999989       48.3678703    
   5.87999964       48.3678703    
   5.88999987       48.3678703    
   5.90000010       48.3678703    
   5.90999985       48.3678703    
   5.92000008       48.3101807    
   5.92999983       48.3113747    
   5.94000006       48.3136826    
   5.94999981       48.3170052    
   5.96000004       48.3212128    
   5.96999979       48.3261375    
   5.98000002       48.3315849    
   5.98999977       48.3373222    
   6.00000000       48.3431320    
   6.00999975       48.3487816    
   6.01999998       48.3540459    
   6.02999973       48.3587303    
   6.03999996       48.3626328    
   6.04999971       48.3656044    
   6.05999994       48.3675003    
   6.06999969       48.3682671    
   6.07999992       48.3678665    
   6.08999968       48.3663445    
   6.09999990       48.3637428    
   6.10999966       48.3601608    
   6.11999989       48.3557434    
   6.12999964       48.3506470    
   6.13999987       48.3450928    
   6.15000010       48.3393135    
   6.15999985       48.3335381    
   6.17000008       48.3279800    
   6.17999983       48.3228683    
   6.19000006       48.3184052    
   6.19999981       48.3147850    
   6.21000004       48.3121376    
   6.21999979       48.3105698    
   6.23000002       48.2956429    
   6.23999977       48.2972374    
   6.25000000       48.3000031    
   6.25999975       48.3038368    
   6.26999998       48.3085785    
   6.27999973       48.3140450    
   6.28999996       48.3200111    
   6.29999971       48.3262367    
   6.30999994       48.3324814    
   6.31999969       48.3384972    
   6.32999992       48.3440361    
   6.33999968       48.3488808    
   6.34999990       48.3528404    
   6.35999966       48.3557510    
   6.36999989       48.3575020    
   6.37999964       48.3580170    
   6.38999987       48.3572884    
   6.39999962       48.3553314    
   6.40999985       48.3522263    
   6.42000008       48.3481064    
   6.42999983       48.3431244    
   6.44000006       48.3374901    
   6.44999981       48.3314209    
   6.46000004       48.3251572    
   6.46999979       48.3189545    
   6.48000002       48.3130569    
   6.48999977       48.3077011    
   6.50000000       48.3031006    
   6.50999975       48.2994385    
   6.51999998       48.2968597    
   6.52999973       48.2954712    
   6.53999996       48.3546143    
   6.54999971       48.3546143    
   6.55999994       48.3546143    
   6.56999969       48.3546104    
   6.57999992       48.3546104    
   6.58999968       48.3546066    
   6.59999990       48.3546028    
   6.60999966       48.3546028    
   6.61999989       48.3545990    
   6.62999964       48.3545952    
   6.63999987       48.3545914    
   6.64999962       48.3545876    
   6.65999985       48.3545876    
   6.67000008       48.3545914    
   6.67999983       48.3545952    
   6.69000006       48.3545952    
   6.69999981       48.3545990    
   6.71000004       48.3545990    
   6.71999979       48.3545990    
   6.73000002       48.3545952    
   6.73999977       48.3545952    
   6.75000000       48.3545914    
   6.75999975       48.3545952    
   6.76999998       48.3545952    
   6.77999973       48.3545952    
   6.78999996       48.3545990    
   6.79999971       48.3545952    
   6.80999994       48.3545952    
   6.81999969       48.3545952    
   6.82999992       48.3545952    
   6.83999968       48.3545914    
   6.84999990       48.3545914    
   6.85999966       48.3545952    
   6.86999989       48.3545952    
   6.87999964       48.3545990    
   6.88999987       48.3545990    
   6.89999962       48.3545990    
   6.90999985       48.3546028    
   6.92000008       48.3546104    
   6.92999983       48.3546143    
   6.94000006       48.3546181    
   6.94999981       48.3546219    
   6.96000004       48.3546219    
   6.96999979       48.3546257    
   6.98000002       48.3546295    
   6.98999977       48.3546333    
   7.00000000       48.3546410    
   7.00999975       48.3546524    
   7.01999998       48.3546715    
   7.02999973       48.3546982    
   7.03999996       48.3547325    
   7.04999971       48.3547859    
   7.05999994       48.3548660    
   7.06999969       48.3549881    
   7.07999992       48.3551826    
   7.08999968       48.3554878    
   7.09999990       48.3559723    
   7.10999966       48.3567429    
   7.11999989       48.3579216    
   7.12999964       48.3595161    
   7.13999987       48.3606300    
   7.14999962       48.3554382    
   7.15999985       48.3125076    
   7.17000008       48.0702019    
   7.17999983       47.1072502    
   7.19000006       49.0993690    
   7.19999981       46.7502556    
   7.21000004       46.8241005    
   7.21999979       47.5020599    
   7.23000002       47.6510773    
   7.23999977       47.6767578    
   7.25000000       47.6791344    
   7.25999975       47.6777649    
   7.26999998       47.6763000    
   7.27999973       47.6752586    
   7.28999996       47.6745796    
   7.29999971       47.6741524    
   7.30999994       47.6738815    
   7.31999969       47.6737061    
   7.32999992       47.6735954    
   7.33999968       47.6735229    
   7.34999990       47.6734734    
   7.35999966       47.6734390    
   7.36999989       47.6734123    
   7.37999964       47.6733971    
   7.38999987       47.6733894    
   7.39999962       47.6733780    
   7.40999985       47.6733704    
   7.41999960       47.6733665    
   7.42999983       47.6733627    
   7.44000006       47.6733551    
   7.44999981       47.6733551    
   7.46000004       47.6733551    
   7.46999979       47.6733551    
   7.48000002       47.6733551    
   7.48999977       47.6733551    
   7.50000000       47.6733551    
   7.50999975       47.6733513    
   7.51999998       47.6733551    
   7.52999973       47.6733551    
   7.53999996       47.6733551    
   7.54999971       47.6733513    
   7.55999994       47.6733475    
   7.56999969       47.6733475    
   7.57999992       47.6733475    
   7.58999968       47.6733437    
   7.59999990       47.6733437    
   7.60999966       47.6733398    
   7.61999989       47.6733398    
   7.62999964       47.6733437    
   7.63999987       47.6733437    
   7.64999962       47.6733398    
   7.65999985       47.6733398    
   7.66999960       47.6733398    
   7.67999983       47.6733398    
   7.69000006       47.6733398    
   7.69999981       47.6733398    
   7.71000004       47.6733398    
   7.71999979       47.6733360    
   7.73000002       47.6733322    
   7.73999977       47.6733284    
   7.75000000       47.6733284    
   7.75999975       47.6733322    
   7.76999998       47.6733360    
   7.77999973       47.6733360    
   7.78999996       47.6733398    
   7.79999971       47.6733437    
   7.80999994       47.6733475    
   7.81999969       47.6733475    
   7.82999992       47.6733513    
   7.83999968       47.6733513    
   7.84999990       47.6733513    
   7.85999966       47.6733551    
   7.86999989       47.6733551    
   7.87999964       47.6733551    
   7.88999987       47.6733589    
   7.89999962       47.6733589    
   7.90999985       47.6733589    
   7.91999960       47.6733589    
   7.92999983       47.6733627    
   7.94000006       47.6733627    
   7.94999981       47.6733627    
   7.96000004       47.6733627    
   7.96999979       47.6733627    
   7.98000002       47.6733627    
   7.98999977       47.6733627    
   8.00000000       47.6733665    
   8.01000023       47.6733665    
   8.01999950       47.6733665    
   8.02999973       47.6733665    
   8.03999996       47.6733665    
   8.05000019       47.6733665    
   8.05999947       47.6733665    
   8.06999969       47.6733665    
   8.07999992       47.6733665    
   8.09000015       47.6733665    
   8.09999943       47.6733665    
   8.10999966       47.6733665    
   8.11999989       47.6733665    
   8.13000011       47.6733665    
   8.13999939       47.6733665    
   8.14999962       47.6733704    
   8.15999985       47.6733704    
   8.17000008       47.6733704    
   8.17999935       47.6294746    
   8.18999958       47.6308517    
   8.19999981       47.6332817    
   8.21000004       47.6366844    
   8.22000027       47.6409187    
   8.22999954       47.6457939    
   8.23999977       47.6511307    
   8.25000000       47.6567307    
   8.26000023       47.6623535    
   8.26999950       47.6677628    
   8.27999973       47.6727638    
   8.28999996       47.6771622    
   8.30000019       47.6807594    
   8.30999947       47.6834412    
   8.31999969       47.6850891    
   8.32999992       47.6855965    
   8.34000015       47.6850052    
   8.34999943       47.6833229    
   8.35999966       47.6805725    
   8.36999989       47.6769218    
   8.38000011       47.6724968    
   8.38999939       47.6674690    
   8.39999962       47.6620102    
   8.40999985       47.6563835    
   8.42000008       47.6507835    
   8.42999935       47.6454544    
   8.43999958       47.6406174    
   8.44999981       47.6364479    
   8.46000004       47.6330986    
   8.47000027       47.6307297    
   8.47999954       47.6294250    
   8.48999977       47.6790924    
   8.50000000       47.6790924    
   8.51000023       47.6790924    
   8.51999950       47.6790924    
   8.52999973       47.6790924    
   8.53999996       47.6398735    
   8.55000019       47.6414948    
   8.55999947       47.6442947    
   8.56999969       47.6481323    
   8.57999992       47.6528854    
   8.59000015       47.6583557    
   8.59999943       47.6643372    
   8.60999966       47.6705742    
   8.61999989       47.6768379    
   8.63000011       47.6828499    
   8.63999939       47.6883583    
   8.64999962       47.6931572    
   8.65999985       47.6971359    
   8.67000008       47.7000618    
   8.67999935       47.7018242    
   8.68999958       47.7023621    
   8.69999981       47.7015610    
   8.71000004       47.6995773    
   8.72000027       47.6964951    
   8.72999954       47.6923180    
   8.73999977       47.6873665    
   8.75000000       47.6816978    
   8.76000023       47.6755943    
   8.76999950       47.6693306    
   8.77999973       47.6631317    
   8.78999996       47.6572189    
   8.80000019       47.6518860    
   8.80999947       47.6473083    
   8.81999969       47.6436729    
   8.82999992       47.6411057    
   8.84000015       47.6397362    
   8.84999943       47.6998596    
   8.85999966       47.6998596    
   8.86999989       47.6998558    
   8.88000011       47.6998520    
   8.88999939       47.6998482    
   8.89999962       47.6998444    
   8.90999985       47.6998405    
   8.92000008       47.6998405    
   8.92999935       47.6998444    
   8.93999958       47.6998482    
   8.94999981       47.6998520    
   8.96000004       47.6998558    
   8.97000027       47.6998558    
   8.97999954       47.6998558    
   8.98999977       47.6998558    
   9.00000000       47.6998520    
   9.01000023       47.6998520    
   9.01999950       47.6998558    
   9.02999973       47.6998558    
   9.03999996       47.6998558    
   9.05000019       47.6998558    
   9.05999947       47.6998558    
   9.06999969       47.6998558    
   9.07999992       47.6998596    
   9.09000015       47.6998596    
   9.09999943       47.6998596    
   9.10999966       47.6998634    
   9.11999989       47.6998634    
   9.13000011       47.6998634    
   9.13999939       47.6998596    
   9.14999962       47.6998596    
   9.15999985       47.6998596    
   9.17000008       47.6998596    
   9.17999935       47.6998558    
   9.18999958       47.6998520    
   9.19999981       47.6998520    
   9.21000004       47.6998558    
   9.22000027       47.6998558    
   9.22999954       47.6998558    
   9.23999977       47.6998634    
   9.25000000       47.6998672    
   9.26000023       47.6998711    
   9.26999950       47.6998787    
   9.27999973       47.6998940    
   9.28999996       47.6999130    
   9.30000019       47.6999359    
   9.30999947       47.6999741    
   9.31999969       47.7000237    
   9.32999992       47.7001038    
   9.34000015       47.7002220    
   9.34999943       47.7004013    
   9.35999966       47.7006798    
   9.36999989       47.7011261    
   9.38000011       47.7018280    
   9.38999939       47.7028999    
   9.39999962       47.7043877    
   9.40999985       47.7056770    
   9.42000008       47.7026100    
   9.42999935       47.6730537    
   9.43999958       47.5042496    
   9.44999981       46.7625885    
   9.46000004       47.0938377    
   9.46999931       48.3447304    
   9.47999954       46.9384880    
   9.48999977       47.8290062    
   9.50000000       48.0461159    
   9.51000023       48.0846062    
   9.51999950       48.0891266    
   9.52999973       48.0879631    
   9.53999996       48.0864067    
   9.55000019       48.0852623    
   9.55999947       48.0845146    
   9.56999969       48.0840416    
   9.57999992       48.0837440    
   9.59000015       48.0835571    
   9.59999943       48.0834351    
   9.60999966       48.0833511    
   9.61999989       48.0832977    
   9.63000011       48.0832634    
   9.63999939       48.0832405    
   9.64999962       48.0832253    
   9.65999985       48.0832100    
   9.67000008       48.0831985    
   9.67999935       48.0831909    
   9.68999958       48.0831909    
   9.69999981       48.0831871    
   9.71000004       48.0831871    
   9.71999931       48.0831795    
   9.72999954       48.0831795    
   9.73999977       48.0831795    
   9.75000000       48.0831795    
   9.76000023       48.0831795    
   9.76999950       48.0831795    
   9.77999973       48.0831757    
   9.78999996       48.0831757    
   9.80000019       48.0831757    
   9.80999947       48.0831757    
   9.81999969       48.0831718    
   9.82999992       48.0831680    
   9.84000015       48.0831642    
   9.84999943       48.0831642    
   9.85999966       48.0831642    
   9.86999989       48.0831604    
   9.88000011       48.0831604    
   9.88999939       48.0831604    
   9.89999962       48.0831604    
   9.90999985       48.0831604    
   9.92000008       48.0831566    
   9.92999935       48.0831528    
   9.93999958       48.0831566    
   9.94999981       48.0831566    
   9.96000004       48.0831566    
   9.96999931       48.0831566    
   9.97999954       48.0831528    
   9.98999977       48.0831490    
   10.0000000       48.0831451    
