   4.99999989E-03   99.9999542    
   9.99999978E-03   99.9999542    
   1.49999997E-02   99.9999466    
   1.99999996E-02   99.9999390    
   2.49999985E-02   99.9999390    
   2.99999993E-02   99.9999313    
   3.50000001E-02   99.9999313    
   3.99999991E-02   99.9999237    
   4.49999981E-02   99.9999161    
   4.99999970E-02   99.9999161    
   5.49999997E-02   99.9999237    
   5.99999987E-02   99.9999237    
   6.49999976E-02   99.9999313    
   7.00000003E-02   99.9999313    
   7.49999955E-02   99.9999390    
   7.99999982E-02   99.9999390    
   8.50000009E-02   99.9999390    
   8.99999961E-02   99.9999390    
   9.49999988E-02   99.9999313    
   9.99999940E-02   99.9999237    
  0.104999997       99.9999237    
  0.109999999       99.9999313    
  0.114999995       99.9999313    
  0.119999997       99.9999313    
  0.125000000       99.9999313    
  0.129999995       99.9999313    
  0.134999990       99.9999313    
  0.140000001       99.9999313    
  0.144999996       99.9999313    
  0.149999991       99.9999313    
  0.155000001       99.9999313    
  0.159999996       99.9999237    
  0.164999992       99.9999237    
  0.170000002       99.9999237    
  0.174999997       99.9999237    
  0.179999992       99.9999237    
  0.185000002       99.9999237    
  0.189999998       99.9999161    
  0.194999993       99.9999161    
  0.199999988       99.9999161    
  0.204999998       99.9999161    
  0.209999993       99.9999161    
  0.214999989       99.9999237    
  0.219999999       99.9999237    
  0.224999994       99.9999237    
  0.229999989       99.9999161    
  0.234999999       99.9999237    
  0.239999995       99.9999313    
  0.244999990       99.9999313    
  0.250000000       99.9999313    
  0.254999995       99.9999390    
  0.259999990       99.9999466    
  0.264999986       99.9999542    
  0.269999981       99.9999619    
  0.275000006       99.9999847    
  0.280000001       100.000008    
  0.284999996       100.000046    
  0.289999992       100.000092    
  0.294999987       100.000153    
  0.299999982       100.000244    
  0.305000007       100.000381    
  0.310000002       100.000565    
  0.314999998       100.000824    
  0.319999993       100.001175    
  0.324999988       100.001663    
  0.329999983       100.002266    
  0.334999979       100.002876    
  0.340000004       100.002983    
  0.344999999       100.000801    
  0.349999994       99.9903717    
  0.354999989       99.9517517    
  0.359999985       99.8186798    
  0.364999980       99.3954010    
  0.370000005       98.4914322    
  0.375000000       99.6952972    
  0.379999995       102.015640    
  0.384999990       98.4520721    
  0.389999986       99.1139603    
  0.394999981       99.7728348    
  0.399999976       100.001183    
  0.405000001       100.069061    
  0.409999996       100.088135    
  0.414999992       100.092804    
  0.419999987       100.093353    
  0.424999982       100.092865    
  0.429999977       100.092224    
  0.435000002       100.091682    
  0.439999998       100.091278    
  0.444999993       100.090981    
  0.449999988       100.090759    
  0.454999983       100.090607    
  0.459999979       100.090508    
  0.465000004       100.090431    
  0.469999999       100.090378    
  0.474999994       100.090332    
  0.479999989       100.090302    
  0.484999985       100.090279    
  0.489999980       100.090263    
  0.494999975       100.090248    
  0.500000000       100.090233    
  0.504999995       100.090225    
  0.509999990       100.090218    
  0.514999986       100.090218    
  0.519999981       100.090218    
  0.524999976       100.090218    
  0.529999971       100.090218    
  0.534999967       100.090218    
  0.539999962       100.090218    
  0.545000017       100.090218    
  0.550000012       100.090218    
  0.555000007       100.090218    
  0.560000002       100.090210    
  0.564999998       100.090210    
  0.569999993       100.090218    
  0.574999988       100.090218    
  0.579999983       100.090218    
  0.584999979       100.090218    
  0.589999974       100.090218    
  0.594999969       100.090218    
  0.599999964       100.090210    
  0.604999959       100.090210    
  0.610000014       100.090210    
  0.615000010       100.090210    
  0.620000005       100.090218    
  0.625000000       100.090218    
  0.629999995       100.090218    
  0.634999990       100.090218    
  0.639999986       100.090218    
  0.644999981       100.090225    
  0.649999976       100.090218    
  0.654999971       100.090218    
  0.659999967       100.090210    
  0.664999962       100.090218    
  0.669999957       100.090218    
  0.675000012       100.090218    
  0.680000007       100.090218    
  0.685000002       100.090218    
  0.689999998       100.090218    
  0.694999993       100.090210    
  0.699999988       100.090210    
  0.704999983       100.090202    
  0.709999979       100.090195    
  0.714999974       100.090195    
  0.719999969       100.090202    
  0.724999964       100.090210    
  0.729999959       100.090210    
  0.734999955       100.090218    
  0.740000010       100.090218    
  0.745000005       100.090225    
  0.750000000       100.090225    
  0.754999995       100.090233    
  0.759999990       100.090233    
  0.764999986       100.090240    
  0.769999981       100.090240    
  0.774999976       100.090240    
  0.779999971       100.090240    
  0.784999967       100.090248    
  0.789999962       100.090248    
  0.794999957       100.090248    
  0.799999952       100.090248    
  0.805000007       100.090256    
  0.810000002       100.090256    
  0.814999998       100.090256    
  0.819999993       100.090256    
  0.824999988       100.090256    
  0.829999983       100.090256    
  0.834999979       100.090263    
  0.839999974       100.090263    
  0.844999969       100.090263    
  0.849999964       100.090263    
  0.854999959       100.090263    
  0.859999955       100.090263    
  0.865000010       100.090263    
  0.870000005       100.090263    
  0.875000000       100.090263    
  0.879999995       100.090263    
  0.884999990       100.090263    
  0.889999986       100.090263    
  0.894999981       100.090271    
  0.899999976       100.090271    
  0.904999971       100.090271    
  0.909999967       100.090271    
  0.914999962       100.090271    
  0.919999957       100.090271    
  0.924999952       100.090271    
  0.930000007       100.090271    
  0.935000002       100.090271    
  0.939999998       100.090271    
  0.944999993       100.090271    
  0.949999988       100.090271    
  0.954999983       100.090271    
  0.959999979       100.090271    
  0.964999974       100.090271    
  0.969999969       100.090271    
  0.974999964       100.090271    
  0.979999959       100.090271    
  0.984999955       100.090271    
  0.989999950       100.090271    
  0.995000005       100.090271    
   1.00000000       100.090271    
   1.00500000       100.090271    
   1.00999999       100.090271    
   1.01499999       100.090271    
   1.01999998       100.090271    
   1.02499998       100.090271    
   1.02999997       100.090271    
   1.03499997       100.090271    
   1.03999996       100.079277    
   1.04499996       100.079369    
   1.04999995       100.079620    
   1.05499995       100.080017    
   1.05999994       100.080574    
   1.06499994       100.081276    
   1.06999993       100.082115    
   1.07499993       100.083084    
   1.07999992       100.084167    
   1.08499992       100.085365    
   1.09000003       100.086632    
   1.09500003       100.088005    
   1.10000002       100.089439    
   1.10500002       100.090935    
   1.11000001       100.092491    
   1.11500001       100.094040    
   1.12000000       100.095627    
   1.12500000       100.097183    
   1.13000000       100.098732    
   1.13499999       100.075462    
   1.13999999       100.077126    
   1.14499998       100.078827    
   1.14999998       100.080612    
   1.15499997       100.082451    
   1.15999997       100.084351    
   1.16499996       100.086273    
   1.16999996       100.088181    
   1.17499995       100.090034    
   1.17999995       100.091896    
   1.18499994       100.093636    
   1.18999994       100.095314    
   1.19499993       100.096886    
   1.19999993       100.098381    
   1.20499992       100.099716    
   1.20999992       100.100922    
   1.21499991       100.101974    
   1.22000003       100.102890    
   1.22500002       100.103622    
   1.23000002       100.104202    
   1.23500001       100.104584    
   1.24000001       100.104752    
   1.24500000       100.104752    
   1.25000000       100.104584    
   1.25500000       100.104233    
   1.25999999       100.103683    
   1.26499999       100.102943    
   1.26999998       100.102036    
   1.27499998       100.100929    
   1.27999997       100.099709    
   1.28499997       100.098320    
   1.28999996       100.096825    
   1.29499996       100.095207    
   1.29999995       100.093498    
   1.30499995       100.091728    
   1.30999994       100.089897    
   1.31499994       100.088028    
   1.31999993       100.086128    
   1.32499993       100.084236    
   1.32999992       100.082336    
   1.33499992       100.080498    
   1.33999991       100.078705    
   1.34500003       100.076973    
   1.35000002       100.075340    
   1.35500002       100.098602    
   1.36000001       100.097069    
   1.36500001       100.095512    
   1.37000000       100.093948    
   1.37500000       100.092392    
   1.38000000       100.090866    
   1.38499999       100.089371    
   1.38999999       100.087944    
   1.39499998       100.086578    
   1.39999998       100.085304    
   1.40499997       100.084114    
   1.40999997       100.083046    
   1.41499996       100.082092    
   1.41999996       100.081261    
   1.42499995       100.080566    
   1.42999995       100.080017    
   1.43499994       100.079613    
   1.43999994       100.079361    
   1.44499993       100.079269    
   1.44999993       100.090393    
   1.45499992       100.090393    
   1.45999992       100.090393    
   1.46499991       100.090393    
   1.46999991       100.090393    
   1.47500002       100.090393    
   1.48000002       100.090393    
   1.48500001       100.090393    
   1.49000001       100.090393    
   1.49500000       100.090393    
   1.50000000       100.090393    
   1.50500000       100.090393    
   1.50999999       100.090393    
   1.51499999       100.090393    
   1.51999998       100.090393    
   1.52499998       100.090393    
   1.52999997       100.090393    
   1.53499997       100.090385    
   1.53999996       100.090385    
   1.54499996       100.090385    
   1.54999995       100.090385    
   1.55499995       100.090385    
   1.55999994       100.090385    
   1.56499994       100.090385    
   1.56999993       100.090385    
   1.57499993       100.090385    
   1.57999992       100.090378    
   1.58499992       100.090378    
   1.58999991       100.090378    
   1.59499991       100.090378    
   1.59999990       100.090378    
   1.60500002       100.090370    
   1.61000001       100.090370    
   1.61500001       100.090370    
   1.62000000       100.090370    
   1.62500000       100.090363    
   1.63000000       100.090363    
   1.63499999       100.090363    
   1.63999999       100.090355    
   1.64499998       100.090355    
   1.64999998       100.090347    
   1.65499997       100.090347    
   1.65999997       100.090340    
   1.66499996       100.090332    
   1.66999996       100.090332    
   1.67499995       100.090324    
   1.67999995       100.090317    
   1.68499994       100.090317    
   1.68999994       100.090324    
   1.69499993       100.090332    
   1.69999993       100.090332    
   1.70499992       100.090340    
   1.70999992       100.090340    
   1.71499991       100.090340    
   1.71999991       100.090340    
   1.72499990       100.090340    
   1.73000002       100.090340    
   1.73500001       100.090332    
   1.74000001       100.090332    
   1.74500000       100.090332    
   1.75000000       100.090340    
   1.75500000       100.090332    
   1.75999999       100.090340    
   1.76499999       100.090340    
   1.76999998       100.090340    
   1.77499998       100.090340    
   1.77999997       100.090347    
   1.78499997       100.090347    
   1.78999996       100.090347    
   1.79499996       100.090347    
   1.79999995       100.090347    
   1.80499995       100.090347    
   1.80999994       100.090347    
   1.81499994       100.090347    
   1.81999993       100.090347    
   1.82499993       100.090347    
   1.82999992       100.090347    
   1.83499992       100.090347    
   1.83999991       100.090347    
   1.84499991       100.090347    
   1.84999990       100.090347    
   1.85499990       100.090355    
   1.86000001       100.090355    
   1.86500001       100.090355    
   1.87000000       100.090355    
   1.87500000       100.090363    
   1.88000000       100.090363    
   1.88499999       100.090370    
   1.88999999       100.090370    
   1.89499998       100.090385    
   1.89999998       100.090393    
   1.90499997       100.090408    
   1.90999997       100.090416    
   1.91499996       100.090439    
   1.91999996       100.090477    
   1.92499995       100.090523    
   1.92999995       100.090591    
   1.93499994       100.090675    
   1.93999994       100.090797    
   1.94499993       100.090973    
   1.94999993       100.091217    
   1.95499992       100.091553    
   1.95999992       100.092010    
   1.96499991       100.092598    
   1.96999991       100.093231    
   1.97499990       100.093498    
   1.97999990       100.091934    
   1.98500001       100.083633    
   1.99000001       100.052200    
   1.99500000       99.9428558    
   2.00000000       99.5870972    
   2.00499988       98.7262115    
   2.00999999       99.1622162    
   2.01499987       102.619858    
   2.01999998       98.6741791    
   2.02499986       99.0168762    
   2.02999997       99.7666931    
   2.03499985       100.041534    
   2.03999996       100.124100    
   2.04499984       100.147514    
   2.04999995       100.153450    
   2.05500007       100.154343    
   2.05999994       100.153923    
   2.06500006       100.153282    
   2.06999993       100.152725    
   2.07500005       100.152298    
   2.07999992       100.151985    
   2.08500004       100.151756    
   2.08999991       100.151596    
   2.09500003       100.151489    
   2.09999990       100.151413    
   2.10500002       100.151352    
   2.10999990       100.151306    
   2.11500001       100.151268    
   2.11999989       100.151245    
   2.12500000       100.151230    
   2.12999988       100.151215    
   2.13499999       100.151199    
   2.13999987       100.151192    
   2.14499998       100.151192    
   2.14999986       100.151184    
   2.15499997       100.151176    
   2.15999985       100.151176    
   2.16499996       100.151169    
   2.16999984       100.151176    
   2.17499995       100.151169    
   2.18000007       100.151169    
   2.18499994       100.151169    
   2.19000006       100.151169    
   2.19499993       100.151176    
   2.20000005       100.151169    
   2.20499992       100.151169    
   2.21000004       100.151169    
   2.21499991       100.151169    
   2.22000003       100.151169    
   2.22499990       100.151161    
   2.23000002       100.151154    
   2.23499990       100.151154    
   2.24000001       100.151154    
   2.24499989       100.151154    
   2.25000000       100.151161    
   2.25499988       100.151154    
   2.25999999       100.151154    
   2.26499987       100.151154    
   2.26999998       100.151154    
   2.27499986       100.151154    
   2.27999997       100.151161    
   2.28499985       100.151154    
   2.28999996       100.151154    
   2.29499984       100.151154    
   2.29999995       100.151154    
   2.30500007       100.151161    
   2.30999994       100.151161    
   2.31500006       100.151161    
   2.31999993       100.151154    
   2.32500005       100.151154    
   2.32999992       100.151154    
   2.33500004       100.151146    
   2.33999991       100.151138    
   2.34500003       100.151131    
   2.34999990       100.151131    
   2.35500002       100.151138    
   2.35999990       100.151146    
   2.36500001       100.151154    
   2.36999989       100.151154    
   2.37500000       100.151161    
   2.37999988       100.151161    
   2.38499999       100.151169    
   2.38999987       100.151169    
   2.39499998       100.151176    
   2.39999986       100.151176    
   2.40499997       100.151176    
   2.40999985       100.151184    
   2.41499996       100.151184    
   2.41999984       100.151184    
   2.42499995       100.151184    
   2.42999983       100.151192    
   2.43499994       100.151192    
   2.44000006       100.151192    
   2.44499993       100.151192    
   2.45000005       100.151192    
   2.45499992       100.151199    
   2.46000004       100.151199    
   2.46499991       100.151199    
   2.47000003       100.151199    
   2.47499990       100.151199    
   2.48000002       100.151199    
   2.48499990       100.151199    
   2.49000001       100.151199    
   2.49499989       100.151199    
   2.50000000       100.151207    
   2.50499988       100.151207    
   2.50999999       100.151207    
   2.51499987       100.151207    
   2.51999998       100.151207    
   2.52499986       100.151207    
   2.52999997       100.151207    
   2.53499985       100.151207    
   2.53999996       100.151207    
   2.54499984       100.151207    
   2.54999995       100.151207    
   2.55499983       100.151207    
   2.55999994       100.151207    
   2.56500006       100.151207    
   2.56999993       100.151207    
   2.57500005       100.151207    
   2.57999992       100.151207    
   2.58500004       100.151207    
   2.58999991       100.151207    
   2.59500003       100.151207    
   2.59999990       100.151207    
   2.60500002       100.151215    
   2.60999990       100.151215    
   2.61500001       100.151215    
   2.61999989       100.151215    
   2.62500000       100.151215    
   2.62999988       100.151215    
   2.63499999       100.151215    
   2.63999987       100.151215    
   2.64499998       100.151215    
   2.64999986       100.151215    
   2.65499997       100.151215    
   2.65999985       100.151215    
   2.66499996       100.151215    
   2.66999984       100.151215    
   2.67499995       100.146866    
   2.67999983       100.146950    
   2.68499994       100.147186    
   2.69000006       100.147583    
   2.69499993       100.148132    
   2.70000005       100.148819    
   2.70499992       100.149635    
   2.71000004       100.150589    
   2.71499991       100.151657    
   2.72000003       100.152847    
   2.72499990       100.154129    
   2.73000002       100.155479    
   2.73499990       100.156921    
   2.74000001       100.158401    
   2.74499989       100.159958    
   2.75000000       100.161499    
   2.75499988       100.163071    
   2.75999999       100.164635    
   2.76499987       100.166199    
   2.76999998       100.167732    
   2.77499986       100.169197    
   2.77999997       100.170578    
   2.78499985       100.171867    
   2.78999996       100.173103    
   2.79499984       100.174225    
   2.79999995       100.175247    
   2.80499983       100.176109    
   2.80999994       100.176872    
   2.81499982       100.177483    
   2.81999993       100.177940    
   2.82500005       100.178246    
   2.82999992       100.178383    
   2.83500004       100.178352    
   2.83999991       100.178192    
   2.84500003       100.177879    
   2.84999990       100.177429    
   2.85500002       100.176819    
   2.85999990       100.173637    
   2.86500001       100.172836    
   2.86999989       100.172020    
   2.87500000       100.171295    
   2.87999988       100.170586    
   2.88499999       100.169922    
   2.88999987       100.169342    
   2.89499998       100.168831    
   2.89999986       100.168373    
   2.90499997       100.168007    
   2.90999985       100.167702    
   2.91499996       100.167473    
   2.91999984       100.167366    
   2.92499995       100.167313    
   2.92999983       100.167358    
   2.93499994       100.167496    
   2.93999982       100.167740    
   2.94499993       100.168068    
   2.95000005       100.168396    
   2.95499992       100.168854    
   2.96000004       100.169411    
   2.96499991       100.170052    
   2.97000003       100.170761    
   2.97499990       100.171410    
   2.98000002       100.172119    
   2.98499990       100.172943    
   2.99000001       100.194664    
   2.99499989       100.195427    
   3.00000000       100.195961    
   3.00499988       100.196388    
   3.00999999       100.196625    
   3.01499987       100.196754    
   3.01999998       100.196678    
   3.02499986       100.196449    
   3.02999997       100.196053    
   3.03499985       100.195534    
   3.03999996       100.194855    
   3.04499984       100.194145    
   3.04999995       100.193253    
   3.05499983       100.192184    
   3.05999994       100.191055    
   3.06499982       100.189804    
   3.06999993       100.188469    
   3.07500005       100.187080    
   3.07999992       100.185669    
   3.08500004       100.184151    
   3.08999991       100.182610    
   3.09500003       100.181038    
   3.09999990       100.179512    
   3.10500002       100.177963    
   3.10999990       100.176399    
   3.11500001       100.174942    
   3.11999989       100.173531    
   3.12500000       100.172180    
   3.12999988       100.170921    
   3.13499999       100.169769    
   3.13999987       100.168747    
   3.14499998       100.167831    
   3.14999986       100.167038    
   3.15499997       100.166389    
   3.15999985       100.165878    
   3.16499996       100.165512    
   3.16999984       100.165306    
   3.17499995       100.184837    
   3.17999983       100.184837    
   3.18499994       100.184837    
   3.18999982       100.184837    
   3.19499993       100.184830    
   3.19999981       100.184830    
   3.20499992       100.184830    
   3.21000004       100.184830    
   3.21499991       100.184830    
   3.22000003       100.184830    
   3.22499990       100.184822    
   3.23000002       100.184822    
   3.23499990       100.184822    
   3.24000001       100.184822    
   3.24499989       100.184822    
   3.25000000       100.184814    
   3.25499988       100.184814    
   3.25999999       100.184814    
   3.26499987       100.184807    
   3.26999998       100.184807    
   3.27499986       100.184807    
   3.27999997       100.184799    
   3.28499985       100.184799    
   3.28999996       100.184792    
   3.29499984       100.184792    
   3.29999995       100.184784    
   3.30499983       100.184776    
   3.30999994       100.184776    
   3.31499982       100.184769    
   3.31999993       100.184769    
   3.32499981       100.184769    
   3.32999992       100.184776    
   3.33500004       100.184784    
   3.33999991       100.184784    
   3.34500003       100.184792    
   3.34999990       100.184792    
   3.35500002       100.184792    
   3.35999990       100.184792    
   3.36500001       100.184784    
   3.36999989       100.184776    
   3.37500000       100.184776    
   3.37999988       100.184784    
   3.38499999       100.184784    
   3.38999987       100.184784    
   3.39499998       100.184784    
   3.39999986       100.184792    
   3.40499997       100.184792    
   3.40999985       100.184792    
   3.41499996       100.184792    
   3.41999984       100.184792    
   3.42499995       100.184792    
   3.42999983       100.184792    
   3.43499994       100.184792    
   3.43999982       100.184799    
   3.44499993       100.184799    
   3.44999981       100.184792    
   3.45499992       100.184792    
   3.46000004       100.184792    
   3.46499991       100.184792    
   3.47000003       100.184792    
   3.47499990       100.184792    
   3.48000002       100.184792    
   3.48499990       100.184792    
   3.49000001       100.184792    
   3.49499989       100.184792    
   3.50000000       100.184799    
   3.50499988       100.184807    
   3.50999999       100.184807    
   3.51499987       100.184807    
   3.51999998       100.184807    
   3.52499986       100.184814    
   3.52999997       100.184822    
   3.53499985       100.184837    
   3.53999996       100.184853    
   3.54499984       100.184868    
   3.54999995       100.184898    
   3.55499983       100.184937    
   3.55999994       100.184975    
   3.56499982       100.185036    
   3.56999993       100.185127    
   3.57499981       100.185249    
   3.57999992       100.185417    
   3.58500004       100.185661    
   3.58999991       100.185997    
   3.59500003       100.186470    
   3.59999990       100.187065    
   3.60500002       100.187691    
   3.60999990       100.187927    
   3.61500001       100.186234    
   3.61999989       100.177483    
   3.62500000       100.144470    
   3.62999988       100.029732    
   3.63499999       99.6576920    
   3.63999987       98.7790909    
   3.64499998       99.3865509    
   3.64999986       102.638245    
   3.65499997       98.7217102    
   3.65999985       99.1657715    
   3.66499996       99.8954773    
   3.66999984       100.158203    
   3.67499995       100.236771    
   3.67999983       100.258972    
   3.68499994       100.264549    
   3.68999982       100.265343    
   3.69499993       100.264893    
   3.69999981       100.264244    
   3.70499992       100.263687    
   3.70999980       100.263268    
   3.71499991       100.262962    
   3.72000003       100.262741    
   3.72499990       100.262581    
   3.73000002       100.262466    
   3.73499990       100.262383    
   3.74000001       100.262329    
   3.74499989       100.262283    
   3.75000000       100.262253    
   3.75499988       100.262230    
   3.75999999       100.262215    
   3.76499987       100.262199    
   3.76999998       100.262192    
   3.77499986       100.262177    
   3.77999997       100.262169    
   3.78499985       100.262161    
   3.78999996       100.262154    
   3.79499984       100.262154    
   3.79999995       100.262146    
   3.80499983       100.262146    
   3.80999994       100.262138    
   3.81499982       100.262146    
   3.81999993       100.262138    
   3.82499981       100.262138    
   3.82999992       100.262138    
   3.83499980       100.262138    
   3.83999991       100.262146    
   3.84500003       100.262146    
   3.84999990       100.262146    
   3.85500002       100.262146    
   3.85999990       100.262138    
   3.86500001       100.262131    
   3.86999989       100.262131    
   3.87500000       100.262131    
   3.87999988       100.262131    
   3.88499999       100.262131    
   3.88999987       100.262138    
   3.89499998       100.262138    
   3.89999986       100.262138    
   3.90499997       100.262138    
   3.90999985       100.262146    
   3.91499996       100.262146    
   3.91999984       100.262138    
   3.92499995       100.262138    
   3.92999983       100.262138    
   3.93499994       100.262138    
   3.93999982       100.262146    
   3.94499993       100.262146    
   3.94999981       100.262146    
   3.95499992       100.262138    
   3.95999980       100.262138    
   3.96499991       100.262138    
   3.97000003       100.262131    
   3.97499990       100.262123    
   3.98000002       100.262115    
   3.98499990       100.262115    
   3.99000001       100.262123    
   3.99499989       100.262131    
   4.00000000       100.262131    
   4.00500011       100.262138    
   4.00999975       100.262146    
   4.01499987       100.262146    
   4.01999998       100.262154    
   4.02500010       100.262154    
   4.02999973       100.262154    
   4.03499985       100.262161    
   4.03999996       100.262161    
   4.04500008       100.262161    
   4.04999971       100.262169    
   4.05499983       100.262169    
   4.05999994       100.262169    
   4.06500006       100.262169    
   4.06999969       100.262177    
   4.07499981       100.262177    
   4.07999992       100.262177    
   4.08500004       100.262177    
   4.08999968       100.262177    
   4.09499979       100.262184    
   4.09999990       100.262184    
   4.10500002       100.262184    
   4.11000013       100.262184    
   4.11499977       100.262184    
   4.11999989       100.262184    
   4.12500000       100.262184    
   4.13000011       100.262184    
   4.13499975       100.262184    
   4.13999987       100.262184    
   4.14499998       100.262192    
   4.15000010       100.262192    
   4.15499973       100.262192    
   4.15999985       100.262192    
   4.16499996       100.262192    
   4.17000008       100.262192    
   4.17499971       100.262192    
   4.17999983       100.262192    
   4.18499994       100.262192    
   4.19000006       100.262192    
   4.19499969       100.262192    
   4.19999981       100.262192    
   4.20499992       100.262192    
   4.21000004       100.262192    
   4.21499968       100.262192    
   4.21999979       100.262192    
   4.22499990       100.262192    
   4.23000002       100.262192    
   4.23500013       100.262192    
   4.23999977       100.262192    
   4.24499989       100.262192    
   4.25000000       100.262192    
   4.25500011       100.262192    
   4.25999975       100.262192    
   4.26499987       100.262192    
   4.26999998       100.262192    
   4.27500010       100.262192    
   4.27999973       100.262192    
   4.28499985       100.262192    
   4.28999996       100.262199    
   4.29500008       100.262199    
   4.29999971       100.262199    
   4.30499983       100.262199    
   4.30999994       100.242264    
   4.31500006       100.242378    
   4.31999969       100.242645    
   4.32499981       100.243065    
   4.32999992       100.243629    
   4.33500004       100.244339    
   4.33999968       100.245201    
   4.34499979       100.246185    
   4.34999990       100.247284    
   4.35500002       100.248466    
   4.36000013       100.249756    
   4.36499977       100.251129    
   4.36999989       100.252571    
   4.37500000       100.254059    
   4.38000011       100.255608    
   4.38499975       100.257149    
   4.38999987       100.258713    
   4.39499998       100.260277    
   4.40000010       100.261795    
   4.40499973       100.263283    
   4.40999985       100.264748    
   4.41499996       100.266151    
   4.42000008       100.267426    
   4.42499971       100.268654    
   4.42999983       100.269783    
   4.43499994       100.270790    
   4.44000006       100.271637    
   4.44499969       100.272339    
   4.44999981       100.272934    
   4.45499992       100.273354    
   4.46000004       100.273636    
   4.46499968       100.273781    
   4.46999979       100.273743    
   4.47499990       100.273552    
   4.48000002       100.273232    
   4.48500013       100.272736    
   4.48999977       100.272049    
   4.49499989       100.271278    
   4.50000000       100.270332    
   4.50500011       100.269318    
   4.50999975       100.268166    
   4.51499987       100.266922    
   4.51999998       100.265564    
   4.52500010       100.264122    
   4.52999973       100.262634    
   4.53499985       100.261131    
   4.53999996       100.259560    
   4.54500008       100.257996    
   4.54999971       100.256439    
   4.55499983       100.254875    
   4.55999994       100.253342    
   4.56500006       100.251854    
   4.56999969       100.250435    
   4.57499981       100.249084    
   4.57999992       100.247849    
   4.58500004       100.246689    
   4.58999968       100.216843    
   4.59499979       100.216080    
   4.59999990       100.215607    
   4.60500002       100.215408    
   4.61000013       100.215508    
   4.61499977       100.215904    
   4.61999989       100.216599    
   4.62500000       100.246933    
   4.63000011       100.248039    
   4.63499975       100.249245    
   4.63999987       100.250549    
   4.64499998       100.251938    
   4.65000010       100.253387    
   4.65499973       100.254883    
   4.65999985       100.256416    
   4.66499996       100.257973    
   4.67000008       100.259529    
   4.67499971       100.261086    
   4.67999983       100.262604    
   4.68499994       100.264091    
   4.69000006       100.265526    
   4.69499969       100.266884    
   4.69999981       100.268158    
   4.70499992       100.269333    
   4.71000004       100.270401    
   4.71499968       100.271347    
   4.71999979       100.272171    
   4.72499990       100.272858    
   4.73000002       100.273407    
   4.73499966       100.273796    
   4.73999977       100.274040    
   4.74499989       100.274124    
   4.75000000       100.274055    
   4.75500011       100.273827    
   4.75999975       100.273453    
   4.76499987       100.272919    
   4.76999998       100.272247    
   4.77500010       100.271439    
   4.77999973       100.270493    
   4.78499985       100.269432    
   4.78999996       100.268265    
   4.79500008       100.266998    
   4.79999971       100.265640    
   4.80499983       100.264221    
   4.80999994       100.262741    
   4.81500006       100.261215    
   4.81999969       100.259651    
   4.82499981       100.258087    
   4.82999992       100.256538    
   4.83500004       100.254997    
   4.83999968       100.253487    
   4.84499979       100.252037    
   4.84999990       100.250641    
   4.85500002       100.249329    
   4.85999966       100.248108    
   4.86499977       100.246986    
   4.86999989       100.245979    
   4.87500000       100.245102    
   4.88000011       100.244362    
   4.88499975       100.243759    
   4.88999987       100.243301    
   4.89499998       100.242996    
   4.90000010       100.242844    
   4.90499973       100.273911    
   4.90999985       100.273911    
   4.91499996       100.273911    
   4.92000008       100.273903    
   4.92499971       100.273903    
   4.92999983       100.273895    
   4.93499994       100.273888    
   4.94000006       100.273888    
   4.94499969       100.273880    
   4.94999981       100.273872    
   4.95499992       100.273872    
   4.96000004       100.273880    
   4.96499968       100.273880    
   4.96999979       100.273888    
   4.97499990       100.273888    
   4.98000002       100.273895    
   4.98499966       100.273895    
   4.98999977       100.273895    
   4.99499989       100.273895    
   5.00000000       100.273888    
   5.00500011       100.273880    
   5.00999975       100.273880    
   5.01499987       100.273888    
   5.01999998       100.273888    
   5.02500010       100.273888    
   5.02999973       100.273888    
   5.03499985       100.273888    
   5.03999996       100.273888    
   5.04500008       100.273888    
   5.04999971       100.273888    
   5.05499983       100.273888    
   5.05999994       100.273888    
   5.06500006       100.273880    
   5.06999969       100.273880    
   5.07499981       100.273880    
   5.07999992       100.273872    
   5.08500004       100.273872    
   5.08999968       100.273872    
   5.09499979       100.273865    
   5.09999990       100.273865    
   5.10500002       100.273872    
   5.10999966       100.273872    
   5.11499977       100.273872    
   5.11999989       100.273872    
   5.12500000       100.273872    
   5.13000011       100.273880    
   5.13499975       100.273880    
   5.13999987       100.273888    
   5.14499998       100.273888    
   5.15000010       100.273895    
   5.15499973       100.273895    
   5.15999985       100.273903    
   5.16499996       100.273918    
   5.17000008       100.273933    
   5.17499971       100.273949    
   5.17999983       100.273964    
   5.18499994       100.273994    
   5.19000006       100.274040    
   5.19499969       100.274086    
   5.19999981       100.274155    
   5.20499992       100.274254    
   5.21000004       100.274384    
   5.21499968       100.274574    
   5.21999979       100.274841    
   5.22499990       100.275215    
   5.23000002       100.275726    
   5.23499966       100.276344    
   5.23999977       100.276939    
   5.24499989       100.276886    
   5.25000000       100.274063    
   5.25500011       100.261314    
   5.25999975       100.214668    
   5.26499987       100.054596    
   5.26999998       99.5559311    
   5.27500010       98.6422882    
   5.27999973       100.699776    
   5.28499985       101.515297    
   5.28999996       98.6295090    
   5.29500008       99.4763794    
   5.29999971       100.053032    
   5.30499983       100.243851    
   5.30999994       100.299866    
   5.31500006       100.315369    
   5.31999969       100.318993    
   5.32499981       100.319252    
   5.32999992       100.318695    
   5.33500004       100.318069    
   5.33999968       100.317543    
   5.34499979       100.317154    
   5.34999990       100.316872    
   5.35500002       100.316666    
   5.35999966       100.316521    
   5.36499977       100.316422    
   5.36999989       100.316345    
   5.37500000       100.316292    
   5.38000011       100.316261    
   5.38499975       100.316238    
   5.38999987       100.316216    
   5.39499998       100.316193    
   5.40000010       100.316177    
   5.40499973       100.316170    
   5.40999985       100.316154    
   5.41499996       100.316154    
   5.42000008       100.316147    
   5.42499971       100.316147    
   5.42999983       100.316154    
   5.43499994       100.316154    
   5.44000006       100.316147    
   5.44499969       100.316147    
   5.44999981       100.316139    
   5.45499992       100.316132    
   5.46000004       100.316132    
   5.46499968       100.316132    
   5.46999979       100.316132    
   5.47499990       100.316124    
   5.48000002       100.316124    
   5.48499966       100.316124    
   5.48999977       100.316116    
   5.49499989       100.316124    
   5.50000000       100.316124    
   5.50500011       100.316124    
   5.50999975       100.316124    
   5.51499987       100.316124    
   5.51999998       100.316124    
   5.52500010       100.316124    
   5.52999973       100.316124    
   5.53499985       100.316124    
   5.53999996       100.316124    
   5.54500008       100.316124    
   5.54999971       100.316124    
   5.55499983       100.316124    
   5.55999994       100.316124    
   5.56500006       100.316132    
   5.56999969       100.316132    
   5.57499981       100.316132    
   5.57999992       100.316132    
   5.58500004       100.316132    
   5.58999968       100.316132    
   5.59499979       100.316132    
   5.59999990       100.316124    
   5.60500002       100.316116    
   5.60999966       100.316116    
   5.61499977       100.316116    
   5.61999989       100.316124    
   5.62500000       100.316124    
   5.62999964       100.316132    
   5.63499975       100.316139    
   5.63999987       100.316139    
   5.64499998       100.316147    
   5.65000010       100.316147    
   5.65499973       100.316154    
   5.65999985       100.316154    
   5.66499996       100.316162    
   5.67000008       100.316162    
   5.67499971       100.316162    
   5.67999983       100.316162    
   5.68499994       100.316170    
   5.69000006       100.316170    
   5.69499969       100.316170    
   5.69999981       100.316170    
   5.70499992       100.316177    
   5.71000004       100.316177    
   5.71499968       100.316177    
   5.71999979       100.316177    
   5.72499990       100.316177    
   5.73000002       100.316185    
   5.73499966       100.316185    
   5.73999977       100.316185    
   5.74499989       100.316185    
   5.75000000       100.316185    
   5.75499964       100.316185    
   5.75999975       100.316185    
   5.76499987       100.316185    
   5.76999998       100.316185    
   5.77500010       100.316185    
   5.77999973       100.316193    
   5.78499985       100.316193    
   5.78999996       100.316193    
   5.79500008       100.316193    
   5.79999971       100.316193    
   5.80499983       100.316193    
   5.80999994       100.316193    
   5.81500006       100.316193    
   5.81999969       100.316193    
   5.82499981       100.316193    
   5.82999992       100.316193    
   5.83500004       100.316193    
   5.83999968       100.316193    
   5.84499979       100.316193    
   5.84999990       100.316193    
   5.85500002       100.316193    
   5.85999966       100.316193    
   5.86499977       100.316193    
   5.86999989       100.316193    
   5.87500000       100.316193    
   5.87999964       100.316193    
   5.88499975       100.316193    
   5.88999987       100.316193    
   5.89499998       100.316193    
   5.90000010       100.316193    
   5.90499973       100.316193    
   5.90999985       100.316193    
   5.91499996       100.316193    
   5.92000008       100.316193    
   5.92499971       100.316193    
   5.92999983       100.316193    
   5.93499994       100.316193    
   5.94000006       100.316200    
   5.94499969       100.284943    
   5.94999981       100.285103    
   5.95499992       100.285423    
   5.96000004       100.285904    
   5.96499968       100.286522    
   5.96999979       100.287277    
   5.97499990       100.288162    
   5.98000002       100.289177    
   5.98499966       100.290314    
   5.98999977       100.291557    
   5.99499989       100.292870    
   6.00000000       100.294266    
   6.00499964       100.295723    
   6.00999975       100.297226    
   6.01499987       100.298790    
   6.01999998       100.300362    
   6.02500010       100.301918    
   6.02999973       100.303474    
   6.03499985       100.305023    
   6.03999996       100.306488    
   6.04500008       100.307884    
   6.04999971       100.309219    
   6.05499983       100.310486    
   6.05999994       100.311668    
   6.06500006       100.312744    
   6.06999969       100.313660    
   6.07499981       100.314438    
   6.07999992       100.315102    
   6.08500004       100.315651    
   6.08999968       100.316002    
   6.09499979       100.316216    
   6.09999990       100.316246    
   6.10500002       100.316132    
   6.10999966       100.315903    
   6.11499977       100.315506    
   6.11999989       100.314949    
   6.12500000       100.314247    
   6.12999964       100.313385    
   6.13499975       100.312386    
   6.13999987       100.311302    
   6.14499998       100.310127    
   6.15000010       100.308861    
   6.15499973       100.307457    
   6.15999985       100.305992    
   6.16499996       100.304474    
   6.17000008       100.302917    
   6.17499971       100.301361    
   6.17999983       100.299774    
   6.18499994       100.298195    
   6.19000006       100.296654    
   6.19499969       100.295135    
   6.19999981       100.293663    
   6.20499992       100.292290    
   6.21000004       100.290993    
   6.21499968       100.289787    
   6.21999979       100.288681    
   6.22499990       100.287689    
   6.23000002       100.286819    
   6.23499966       100.286087    
   6.23999977       100.285507    
   6.24499989       100.285072    
   6.25000000       100.284798    
   6.25499964       100.284668    
   6.25999975       100.310509    
   6.26499987       100.310509    
   6.26999998       100.310509    
   6.27500010       100.310509    
   6.27999973       100.310509    
   6.28499985       100.310509    
   6.28999996       100.310509    
   6.29500008       100.310509    
   6.29999971       100.310509    
   6.30499983       100.310509    
   6.30999994       100.310509    
   6.31500006       100.310509    
   6.31999969       100.284775    
   6.32499981       100.284966    
   6.32999992       100.285316    
   6.33500004       100.285805    
   6.33999968       100.286438    
   6.34499979       100.287224    
   6.34999990       100.288147    
   6.35500002       100.289154    
   6.35999966       100.290283    
   6.36499977       100.291504    
   6.36999989       100.292824    
   6.37500000       100.294220    
   6.37999964       100.295715    
   6.38499975       100.297218    
   6.38999987       100.298798    
   6.39499998       100.300385    
   6.39999962       100.301987    
   6.40499973       100.303558    
   6.40999985       100.305038    
   6.41499996       100.306488    
   6.42000008       100.307922    
   6.42499971       100.309227    
   6.42999983       100.310425    
   6.43499994       100.311531    
   6.44000006       100.312515    
   6.44499969       100.313461    
   6.44999981       100.314278    
   6.45499992       100.314926    
   6.46000004       100.315445    
   6.46499968       100.315804    
   6.46999979       100.316032    
   6.47499990       100.316055    
   6.48000002       100.315880    
   6.48499966       100.315536    
   6.48999977       100.315125    
   6.49499989       100.314529    
   6.50000000       100.313820    
   6.50499964       100.313004    
   6.50999975       100.312012    
   6.51499987       100.310890    
   6.51999998       100.309731    
   6.52499962       100.308487    
   6.52999973       100.307098    
   6.53499985       100.305634    
   6.53999996       100.304138    
   6.54500008       100.302597    
   6.54999971       100.301033    
   6.55499983       100.299500    
   6.55999994       100.297935    
   6.56500006       100.296364    
   6.56999969       100.294876    
   6.57499981       100.293419    
   6.57999992       100.292053    
   6.58500004       100.290787    
   6.58999968       100.289627    
   6.59499979       100.288567    
   6.59999990       100.287613    
   6.60500002       100.286789    
   6.60999966       100.286110    
   6.61499977       100.285561    
   6.61999989       100.285164    
   6.62500000       100.284904    
   6.62999964       100.284805    
   6.63499975       100.297623    
   6.63999987       100.297630    
   6.64499998       100.297630    
   6.64999962       100.297638    
   6.65499973       100.297630    
   6.65999985       100.297630    
   6.66499996       100.297630    
   6.67000008       100.297630    
   6.67499971       100.297630    
   6.67999983       100.297623    
   6.68499994       100.297623    
   6.69000006       100.297623    
   6.69499969       100.297623    
   6.69999981       100.297630    
   6.70499992       100.297630    
   6.71000004       100.297630    
   6.71499968       100.297630    
   6.71999979       100.297630    
   6.72499990       100.297630    
   6.73000002       100.297623    
   6.73499966       100.297623    
   6.73999977       100.297630    
   6.74499989       100.297623    
   6.75000000       100.297623    
   6.75499964       100.297623    
   6.75999975       100.297623    
   6.76499987       100.297623    
   6.76999998       100.297623    
   6.77499962       100.297630    
   6.77999973       100.297630    
   6.78499985       100.297630    
   6.78999996       100.297638    
   6.79500008       100.297653    
   6.79999971       100.297653    
   6.80499983       100.297668    
   6.80999994       100.297684    
   6.81500006       100.297714    
   6.81999969       100.297745    
   6.82499981       100.297783    
   6.82999992       100.297836    
   6.83500004       100.297920    
   6.83999968       100.298027    
   6.84499979       100.298180    
   6.84999990       100.298401    
   6.85500002       100.298706    
   6.85999966       100.299126    
   6.86499977       100.299675    
   6.86999989       100.300316    
   6.87500000       100.300781    
   6.87999964       100.300072    
   6.88499975       100.294777    
   6.88999987       100.273499    
   6.89499998       100.197983    
   6.89999962       99.9446716    
   6.90499973       99.2319870    
   6.90999985       98.7160721    
   6.91499996       102.579590    
   6.92000008       99.5281982    
   6.92499971       98.7736664    
   6.92999983       99.6644287    
   6.93499994       100.049889    
   6.94000006       100.169167    
   6.94499969       100.203522    
   6.94999981       100.212662    
   6.95499992       100.214462    
   6.96000004       100.214256    
   6.96499968       100.213638    
   6.96999979       100.213036    
   6.97499990       100.212563    
   6.98000002       100.212212    
   6.98499966       100.211960    
   6.98999977       100.211784    
   6.99499989       100.211662    
   7.00000000       100.211571    
   7.00499964       100.211510    
   7.00999975       100.211456    
   7.01499987       100.211418    
   7.01999998       100.211395    
   7.02499962       100.211372    
   7.02999973       100.211365    
   7.03499985       100.211357    
   7.03999996       100.211349    
   7.04500008       100.211349    
   7.04999971       100.211342    
   7.05499983       100.211334    
   7.05999994       100.211327    
   7.06500006       100.211319    
   7.06999969       100.211319    
   7.07499981       100.211327    
   7.07999992       100.211327    
   7.08500004       100.211327    
   7.08999968       100.211327    
   7.09499979       100.211327    
   7.09999990       100.211327    
   7.10500002       100.211327    
   7.10999966       100.211327    
   7.11499977       100.211334    
   7.11999989       100.211334    
   7.12500000       100.211334    
   7.12999964       100.211334    
   7.13499975       100.211334    
   7.13999987       100.211334    
   7.14499998       100.211334    
   7.14999962       100.211334    
   7.15499973       100.211327    
   7.15999985       100.211327    
   7.16499996       100.211327    
   7.17000008       100.211327    
   7.17499971       100.211319    
   7.17999983       100.211327    
   7.18499994       100.211319    
   7.19000006       100.211319    
   7.19499969       100.211319    
   7.19999981       100.211327    
   7.20499992       100.211327    
   7.21000004       100.211327    
   7.21499968       100.211327    
   7.21999979       100.211327    
   7.22499990       100.211327    
   7.23000002       100.211319    
   7.23499966       100.211319    
   7.23999977       100.211311    
   7.24499989       100.211304    
   7.25000000       100.211304    
   7.25499964       100.211311    
   7.25999975       100.211319    
   7.26499987       100.211319    
   7.26999998       100.211327    
   7.27499962       100.211334    
   7.27999973       100.211334    
   7.28499985       100.211342    
   7.28999996       100.211342    
   7.29499960       100.211349    
   7.29999971       100.211349    
   7.30499983       100.211349    
   7.30999994       100.211357    
   7.31500006       100.211357    
   7.31999969       100.211357    
   7.32499981       100.211357    
   7.32999992       100.211365    
   7.33500004       100.211365    
   7.33999968       100.211365    
   7.34499979       100.211365    
   7.34999990       100.211365    
   7.35500002       100.211372    
   7.35999966       100.211372    
   7.36499977       100.211372    
   7.36999989       100.211372    
   7.37500000       100.211372    
   7.37999964       100.211372    
   7.38499975       100.211372    
   7.38999987       100.211372    
   7.39499998       100.211380    
   7.39999962       100.211380    
   7.40499973       100.211380    
   7.40999985       100.211380    
   7.41499996       100.211380    
   7.41999960       100.211380    
   7.42499971       100.211380    
   7.42999983       100.211380    
   7.43499994       100.211380    
   7.44000006       100.211380    
   7.44499969       100.211380    
   7.44999981       100.211380    
   7.45499992       100.211380    
   7.46000004       100.211380    
   7.46499968       100.211380    
   7.46999979       100.211380    
   7.47499990       100.211380    
   7.48000002       100.211380    
   7.48499966       100.211380    
   7.48999977       100.211380    
   7.49499989       100.211388    
   7.50000000       100.211388    
   7.50499964       100.211388    
   7.50999975       100.211388    
   7.51499987       100.211388    
   7.51999998       100.211388    
   7.52499962       100.211388    
   7.52999973       100.211388    
   7.53499985       100.211388    
   7.53999996       100.211388    
   7.54499960       100.211388    
   7.54999971       100.211388    
   7.55499983       100.211388    
   7.55999994       100.211388    
   7.56500006       100.211388    
   7.56999969       100.211388    
   7.57499981       100.211388    
   7.57999992       100.191803    
   7.58500004       100.192001    
   7.58999968       100.192368    
   7.59499979       100.192886    
   7.59999990       100.193542    
   7.60500002       100.194344    
   7.60999966       100.195267    
   7.61499977       100.196312    
   7.61999989       100.197472    
   7.62500000       100.198730    
   7.62999964       100.200073    
   7.63499975       100.201477    
   7.63999987       100.202950    
   7.64499998       100.204475    
   7.64999962       100.206032    
   7.65499973       100.207611    
   7.65999985       100.209152    
   7.66499996       100.210732    
   7.66999960       100.212234    
   7.67499971       100.213730    
   7.67999983       100.215141    
   7.68499994       100.216461    
   7.69000006       100.217728    
   7.69499969       100.218857    
   7.69999981       100.219879    
   7.70499992       100.220810    
   7.71000004       100.221565    
   7.71499968       100.222160    
   7.71999979       100.222672    
   7.72499990       100.222977    
   7.73000002       100.223114    
   7.73499966       100.223099    
   7.73999977       100.222969    
   7.74499989       100.222641    
   7.75000000       100.222206    
   7.75499964       100.221634    
   7.75999975       100.220871    
   7.76499987       100.220024    
   7.76999998       100.219032    
   7.77499962       100.217888    
   7.77999973       100.216682    
   7.78499985       100.215363    
   7.78999996       100.213936    
   7.79499960       100.212479    
   7.79999971       100.210991    
   7.80499983       100.209450    
   7.80999994       100.207886    
   7.81500006       100.206322    
   7.81999969       100.204765    
   7.82499981       100.203255    
   7.82999992       100.201775    
   7.83500004       100.200348    
   7.83999968       100.198975    
   7.84499979       100.197693    
   7.84999990       100.196510    
   7.85500002       100.195442    
   7.85999966       100.194489    
   7.86499977       100.193665    
   7.86999989       100.192986    
   7.87500000       100.192436    
   7.87999964       100.192039    
   7.88499975       100.191803    
   7.88999987       100.191719    
   7.89499998       100.194099    
   7.89999962       100.194099    
   7.90499973       100.194099    
   7.90999985       100.194099    
   7.91499996       100.194099    
   7.91999960       100.194099    
   7.92499971       100.194099    
   7.92999983       100.194099    
   7.93499994       100.194099    
   7.94000006       100.194099    
   7.94499969       100.194099    
   7.94999981       100.194099    
   7.95499992       100.194099    
   7.96000004       100.194099    
   7.96499968       100.194099    
   7.96999979       100.194099    
   7.97499990       100.194099    
   7.98000002       100.194099    
   7.98499966       100.194099    
   7.98999977       100.194099    
   7.99499989       100.194099    
   8.00000000       100.194099    
   8.00500011       100.194099    
   8.01000023       100.194099    
   8.01499939       100.194092    
   8.01999950       100.194092    
   8.02499962       100.194092    
   8.02999973       100.194092    
   8.03499985       100.194092    
   8.03999996       100.194092    
   8.04500008       100.191628    
   8.05000019       100.191704    
   8.05499935       100.191940    
   8.05999947       100.192329    
   8.06499958       100.192863    
   8.06999969       100.193542    
   8.07499981       100.194366    
   8.07999992       100.195312    
   8.08500004       100.196388    
   8.09000015       100.197563    
   8.09500027       100.198837    
   8.09999943       100.200188    
   8.10499954       100.201614    
   8.10999966       100.203094    
   8.11499977       100.204613    
   8.11999989       100.206161    
   8.12500000       100.207726    
   8.13000011       100.209290    
   8.13500023       100.210823    
   8.13999939       100.212318    
   8.14499950       100.213768    
   8.14999962       100.215149    
   8.15499973       100.216454    
   8.15999985       100.217659    
   8.16499996       100.218765    
   8.17000008       100.219757    
   8.17500019       100.220627    
   8.17999935       100.221352    
   8.18499947       100.221939    
   8.18999958       100.222382    
   8.19499969       100.222672    
   8.19999981       100.222809    
   8.20499992       100.222786    
   8.21000004       100.222610    
   8.21500015       100.222275    
   8.22000027       100.221794    
   8.22499943       100.221176    
   8.22999954       100.220421    
   8.23499966       100.219528    
   8.23999977       100.218506    
   8.24499989       100.217369    
   8.25000000       100.216141    
   8.25500011       100.214813    
   8.26000023       100.213417    
   8.26499939       100.211945    
   8.26999950       100.210426    
   8.27499962       100.208885    
   8.27999973       100.207329    
   8.28499985       100.205765    
   8.28999996       100.204216    
   8.29500008       100.202690    
   8.30000019       100.201210    
   8.30499935       100.199799    
   8.30999947       100.198463    
   8.31499958       100.197212    
   8.31999969       100.196060    
   8.32499981       100.195023    
   8.32999992       100.194099    
   8.33500004       100.193314    
   8.34000015       100.192665    
   8.34500027       100.192162    
   8.34999943       100.191803    
   8.35499954       100.191605    
   8.35999966       100.211174    
   8.36499977       100.211174    
   8.36999989       100.211182    
   8.37500000       100.211174    
   8.38000011       100.211174    
   8.38500023       100.211174    
   8.38999939       100.211174    
   8.39499950       100.211182    
   8.39999962       100.211189    
   8.40499973       100.211189    
   8.40999985       100.211189    
   8.41499996       100.211205    
   8.42000008       100.211205    
   8.42500019       100.211212    
   8.42999935       100.211220    
   8.43499947       100.211227    
   8.43999958       100.211235    
   8.44499969       100.211250    
   8.44999981       100.211273    
   8.45499992       100.211311    
   8.46000004       100.211357    
   8.46500015       100.211418    
   8.47000027       100.211502    
   8.47499943       100.211624    
   8.47999954       100.211792    
   8.48499966       100.212021    
   8.48999977       100.212341    
   8.49499989       100.212776    
   8.50000000       100.213348    
   8.50500011       100.213989    
   8.51000023       100.214378    
   8.51499939       100.213326    
   8.51999950       100.206802    
   8.52499962       100.181381    
   8.52999973       100.092018    
   8.53499985       99.7960205    
   8.53999996       99.0104675    
   8.54500008       98.8455505    
   8.55000019       102.797256    
   8.55499935       99.0549240    
   8.55999947       98.8812943    
   8.56499958       99.7159348    
   8.56999969       100.047104    
   8.57499981       100.148071    
   8.57999992       100.176964    
   8.58500004       100.184502    
   8.59000015       100.185852    
   8.59500027       100.185539    
   8.59999943       100.184906    
   8.60499954       100.184326    
   8.60999966       100.183876    
   8.61499977       100.183533    
   8.61999989       100.183296    
   8.62500000       100.183121    
   8.63000011       100.182999    
   8.63500023       100.182907    
   8.63999939       100.182846    
   8.64499950       100.182808    
   8.64999962       100.182770    
   8.65499973       100.182739    
   8.65999985       100.182724    
   8.66499996       100.182709    
   8.67000008       100.182693    
   8.67500019       100.182678    
   8.67999935       100.182671    
   8.68499947       100.182663    
   8.68999958       100.182663    
   8.69499969       100.182655    
   8.69999981       100.182648    
   8.70499992       100.182648    
   8.71000004       100.182648    
   8.71500015       100.182648    
   8.72000027       100.182640    
   8.72499943       100.182640    
   8.72999954       100.182632    
   8.73499966       100.182632    
   8.73999977       100.182625    
   8.74499989       100.182625    
   8.75000000       100.182625    
   8.75500011       100.182625    
   8.76000023       100.182625    
   8.76499939       100.182617    
   8.76999950       100.182617    
   8.77499962       100.182617    
   8.77999973       100.182617    
   8.78499985       100.182617    
   8.78999996       100.182610    
   8.79500008       100.182610    
   8.80000019       100.182610    
   8.80499935       100.182610    
   8.80999947       100.182617    
   8.81499958       100.182617    
   8.81999969       100.182617    
   8.82499981       100.182610    
   8.82999992       100.182610    
   8.83500004       100.182617    
   8.84000015       100.182617    
   8.84500027       100.182625    
   8.84999943       100.182625    
   8.85499954       100.182617    
   8.85999966       100.182617    
   8.86499977       100.182617    
   8.86999989       100.182610    
   8.87500000       100.182602    
   8.88000011       100.182594    
   8.88500023       100.182594    
   8.88999939       100.182602    
   8.89499950       100.182610    
   8.89999962       100.182617    
   8.90499973       100.182617    
   8.90999985       100.182625    
   8.91499996       100.182625    
   8.92000008       100.182632    
   8.92500019       100.182632    
   8.92999935       100.182640    
   8.93499947       100.182640    
   8.93999958       100.182640    
   8.94499969       100.182648    
   8.94999981       100.182648    
   8.95499992       100.182648    
   8.96000004       100.182655    
   8.96500015       100.182655    
   8.97000027       100.182655    
   8.97499943       100.182655    
   8.97999954       100.182655    
   8.98499966       100.182663    
   8.98999977       100.182663    
   8.99499989       100.182663    
   9.00000000       100.182663    
   9.00500011       100.182663    
   9.01000023       100.182663    
   9.01499939       100.182663    
   9.01999950       100.182663    
   9.02499962       100.182671    
   9.02999973       100.182671    
   9.03499985       100.182671    
   9.03999996       100.182671    
   9.04500008       100.182671    
   9.05000019       100.182671    
   9.05499935       100.182671    
   9.05999947       100.182671    
   9.06499958       100.182671    
   9.06999969       100.182671    
   9.07499981       100.182671    
   9.07999992       100.182671    
   9.08500004       100.182671    
   9.09000015       100.182671    
   9.09500027       100.182671    
   9.09999943       100.182671    
   9.10499954       100.182671    
   9.10999966       100.182671    
   9.11499977       100.182678    
   9.11999989       100.182678    
   9.12500000       100.182678    
   9.13000011       100.182678    
   9.13500023       100.182678    
   9.13999939       100.182678    
   9.14499950       100.182678    
   9.14999962       100.182678    
   9.15499973       100.182678    
   9.15999985       100.182678    
   9.16499996       100.182678    
   9.17000008       100.182678    
   9.17500019       100.182678    
   9.17999935       100.182678    
   9.18499947       100.182678    
   9.18999958       100.182678    
   9.19499969       100.182678    
   9.19999981       100.182678    
   9.20499992       100.182678    
   9.21000004       100.182678    
   9.21500015       100.169777    
   9.22000027       100.169998    
   9.22499943       100.170364    
   9.22999954       100.170891    
   9.23499966       100.171555    
   9.23999977       100.172348    
   9.24499989       100.173286    
   9.25000000       100.174332    
   9.25500011       100.175491    
   9.26000023       100.176750    
   9.26499939       100.178085    
   9.26999950       100.179512    
   9.27499962       100.180984    
   9.27999973       100.182510    
   9.28499985       100.184074    
   9.28999996       100.185646    
   9.29500008       100.187202    
   9.30000019       100.188744    
   9.30499935       100.190254    
   9.30999947       100.191734    
   9.31499958       100.193146    
   9.31999969       100.194458    
   9.32499981       100.195686    
   9.32999992       100.196808    
   9.33500004       100.197807    
   9.34000015       100.198692    
   9.34500027       100.199478    
   9.34999943       100.200104    
   9.35499954       100.200607    
   9.35999966       100.200905    
   9.36499977       100.201042    
   9.36999989       100.201042    
   9.37500000       100.200874    
   9.38000011       100.200562    
   9.38500023       100.200096    
   9.38999939       100.199501    
   9.39499950       100.198761    
   9.39999962       100.197906    
   9.40499973       100.196907    
   9.40999985       100.195808    
   9.41499996       100.194603    
   9.42000008       100.193306    
   9.42500019       100.191895    
   9.42999935       100.190414    
   9.43499947       100.188927    
   9.43999958       100.187370    
   9.44499969       100.185799    
   9.44999981       100.184212    
   9.45499992       100.182640    
   9.46000004       100.181114    
   9.46500015       100.179634    
   9.46999931       100.178215    
   9.47499943       100.176849    
   9.47999954       100.175568    
   9.48499966       100.174393    
   9.48999977       100.173332    
   9.49499989       100.172386    
   9.50000000       100.171570    
   9.50500011       100.170898    
   9.51000023       100.170372    
   9.51499939       100.169991    
   9.51999950       100.169762    
   9.52499962       100.176506    
   9.52999973       100.176506    
   9.53499985       100.176506    
   9.53999996       100.176506    
   9.54500008       100.176506    
   9.55000019       100.176506    
   9.55499935       100.176506    
   9.55999947       100.176506    
   9.56499958       100.176506    
   9.56999969       100.176506    
   9.57499981       100.176506    
   9.57999992       100.176498    
   9.58500004       100.176498    
   9.59000015       100.176498    
   9.59499931       100.176498    
   9.59999943       100.176498    
   9.60499954       100.176498    
   9.60999966       100.176498    
   9.61499977       100.176498    
   9.61999989       100.176498    
   9.62500000       100.176498    
   9.63000011       100.176498    
   9.63500023       100.176498    
   9.63999939       100.176498    
   9.64499950       100.176498    
   9.64999962       100.176498    
   9.65499973       100.176498    
   9.65999985       100.176498    
   9.66499996       100.176498    
   9.67000008       100.176498    
   9.67500019       100.176498    
   9.67999935       100.176498    
   9.68499947       100.176498    
   9.68999958       100.176498    
   9.69499969       100.176498    
   9.69999981       100.176491    
   9.70499992       100.176491    
   9.71000004       100.176491    
   9.71500015       100.176491    
   9.71999931       100.176491    
   9.72499943       100.176491    
   9.72999954       100.176491    
   9.73499966       100.176491    
   9.73999977       100.176491    
   9.74499989       100.176483    
   9.75000000       100.176483    
   9.75500011       100.176483    
   9.76000023       100.176483    
   9.76499939       100.176483    
   9.76999950       100.176483    
   9.77499962       100.147057    
   9.77999973       100.147194    
   9.78499985       100.147484    
   9.78999996       100.147919    
   9.79500008       100.148521    
   9.80000019       100.149254    
   9.80499935       100.150116    
   9.80999947       100.151115    
   9.81499958       100.152214    
   9.81999969       100.153427    
   9.82499981       100.154724    
   9.82999992       100.156082    
   9.83500004       100.157555    
   9.84000015       100.159065    
   9.84499931       100.160591    
   9.84999943       100.162148    
   9.85499954       100.163734    
   9.85999966       100.165352    
   9.86499977       100.166916    
   9.86999989       100.168434    
   9.87500000       100.169914    
   9.88000011       100.171295    
   9.88500023       100.172523    
   9.88999939       100.173759    
   9.89499950       100.174797    
   9.89999962       100.175766    
   9.90499973       100.176613    
   9.90999985       100.177261    
   9.91499996       100.177811    
   9.92000008       100.178146    
   9.92500019       100.178360    
   9.92999935       100.178467    
   9.93499947       100.178406    
   9.93999958       100.178146    
   9.94499969       100.177719    
   9.94999981       100.177216    
   9.95499992       100.176498    
   9.96000004       100.175644    
   9.96500015       100.174644    
   9.96999931       100.173592    
   9.97499943       100.172401    
   9.97999954       100.171181    
   9.98499966       100.169792    
   9.98999977       100.168335    
   9.99499989       100.166901    
   10.0000000       100.165390    
