   4.99999989E-03   62.5000000    
   9.99999978E-03   62.5000000    
   1.49999997E-02   62.5000000    
   1.99999996E-02   62.5000000    
   2.49999985E-02   62.5000000    
   2.99999993E-02   62.5000000    
   3.50000001E-02   62.5000000    
   3.99999991E-02   62.5000000    
   4.49999981E-02   62.5000000    
   4.99999970E-02   62.5000000    
   5.49999997E-02   62.5000000    
   5.99999987E-02   62.5000000    
   6.49999976E-02   62.5000000    
   7.00000003E-02   62.5000000    
   7.49999955E-02   62.5000000    
   7.99999982E-02   62.5000000    
   8.50000009E-02   62.5000000    
   8.99999961E-02   62.5000000    
   9.49999988E-02   62.5000000    
   9.99999940E-02   62.5000000    
  0.104999997       62.5000000    
  0.109999999       62.5000000    
  0.114999995       62.5000000    
  0.119999997       62.5000000    
  0.125000000       62.5000000    
  0.129999995       62.5000000    
  0.134999990       62.5000000    
  0.140000001       62.5000000    
  0.144999996       62.5000000    
  0.149999991       62.5000000    
  0.155000001       62.5000000    
  0.159999996       62.5000000    
  0.164999992       62.5000000    
  0.170000002       62.5000000    
  0.174999997       62.5000000    
  0.179999992       62.5000000    
  0.185000002       62.5000000    
  0.189999998       62.5000000    
  0.194999993       62.5000000    
  0.199999988       62.5000000    
  0.204999998       62.5000000    
  0.209999993       62.5000000    
  0.214999989       62.5000000    
  0.219999999       62.5000000    
  0.224999994       62.5000000    
  0.229999989       62.5000000    
  0.234999999       62.5000000    
  0.239999995       62.5000000    
  0.244999990       62.5000000    
  0.250000000       62.5000000    
  0.254999995       62.5000000    
  0.259999990       62.5000000    
  0.264999986       62.5000000    
  0.269999981       62.5000000    
  0.275000006       62.5000000    
  0.280000001       62.5000000    
  0.284999996       62.5000000    
  0.289999992       62.5000000    
  0.294999987       62.5000000    
  0.299999982       62.5000000    
  0.305000007       62.5000000    
  0.310000002       62.5000000    
  0.314999998       62.5000000    
  0.319999993       62.5000000    
  0.324999988       62.5000000    
  0.329999983       62.5000000    
  0.334999979       62.5000000    
  0.340000004       62.5000000    
  0.344999999       62.5000000    
  0.349999994       62.5000000    
  0.354999989       62.5000000    
  0.359999985       62.5000000    
  0.364999980       62.5000000    
  0.370000005       62.5000000    
  0.375000000       62.5000000    
  0.379999995       62.5000000    
  0.384999990       62.5000000    
  0.389999986       62.5000000    
  0.394999981       62.5000000    
  0.399999976       62.5000000    
  0.405000001       62.5000000    
  0.409999996       62.5000000    
  0.414999992       62.5000000    
  0.419999987       62.5000000    
  0.424999982       62.5000000    
  0.429999977       62.5000000    
  0.435000002       62.5000000    
  0.439999998       62.5000000    
  0.444999993       62.5000000    
  0.449999988       62.5000000    
  0.454999983       62.5000000    
  0.459999979       62.5000000    
  0.465000004       62.5000000    
  0.469999999       62.5000000    
  0.474999994       62.5000000    
  0.479999989       62.5000000    
  0.484999985       62.5000000    
  0.489999980       62.5000000    
  0.494999975       62.5000000    
  0.500000000       62.5000000    
  0.504999995       62.5000839    
  0.509999990       62.5003204    
  0.514999986       62.5007057    
  0.519999981       62.5012398    
  0.524999976       62.5019150    
  0.529999971       62.5027275    
  0.534999967       62.5036736    
  0.539999962       62.5047379    
  0.545000017       62.5059052    
  0.550000012       62.5071754    
  0.555000007       62.5085335    
  0.560000002       62.5099602    
  0.564999998       62.5114365    
  0.569999993       62.5129623    
  0.574999988       62.5145111    
  0.579999983       62.5160713    
  0.584999979       62.5176315    
  0.589999974       62.5191689    
  0.594999969       62.5206718    
  0.599999964       62.5221252    
  0.604999959       62.5235100    
  0.610000014       62.5248184    
  0.615000010       62.5260353    
  0.620000005       62.5271454    
  0.625000000       62.5281410    
  0.629999995       62.5290108    
  0.634999990       62.5297508    
  0.639999986       62.5303497    
  0.644999981       62.5307999    
  0.649999976       62.5310974    
  0.654999971       62.5312424    
  0.659999967       62.5312233    
  0.664999962       62.5310593    
  0.669999957       62.5307350    
  0.675000012       62.5302544    
  0.680000007       62.5296364    
  0.685000002       62.5288734    
  0.689999998       62.5279770    
  0.694999993       62.5269585    
  0.699999988       62.5258293    
  0.704999983       62.5245972    
  0.709999979       62.5232735    
  0.714999974       62.5218735    
  0.719999969       62.5204086    
  0.724999964       62.5188980    
  0.729999959       62.5173569    
  0.734999955       62.5157967    
  0.740000010       62.5142365    
  0.745000005       62.5126877    
  0.750000000       62.5111656    
  0.754999995       62.5096931    
  0.759999990       62.5082779    
  0.764999986       62.5069427    
  0.769999981       62.5056915    
  0.774999976       62.5045357    
  0.779999971       62.5034904    
  0.784999967       62.5025597    
  0.789999962       62.5017624    
  0.794999957       62.5011024    
  0.799999952       62.5005913    
  0.805000007       62.5002289    
  0.810000002       62.5000229    
  0.814999998       62.5180054    
  0.819999993       62.5180054    
  0.824999988       62.5180054    
  0.829999983       62.5180054    
  0.834999979       62.5180054    
  0.839999974       62.5180054    
  0.844999969       62.5180054    
  0.849999964       62.5180054    
  0.854999959       62.5180054    
  0.859999955       62.5180054    
  0.865000010       62.5180054    
  0.870000005       62.5180054    
  0.875000000       62.5180054    
  0.879999995       62.5180054    
  0.884999990       62.5180054    
  0.889999986       62.5180054    
  0.894999981       62.5180054    
  0.899999976       62.5180054    
  0.904999971       62.5180054    
  0.909999967       62.5180054    
  0.914999962       62.5180054    
  0.919999957       62.5180054    
  0.924999952       62.5180054    
  0.930000007       62.5180054    
  0.935000002       62.5180054    
  0.939999998       62.5180054    
  0.944999993       62.5180054    
  0.949999988       62.5180054    
  0.954999983       62.5180054    
  0.959999979       62.5180054    
  0.964999974       62.5180054    
  0.969999969       62.5180054    
  0.974999964       62.5180054    
  0.979999959       62.5180054    
  0.984999955       62.5180054    
  0.989999950       62.5180054    
  0.995000005       62.5180054    
   1.00000000       62.5180054    
   1.00500000       62.5180016    
   1.00999999       62.5180626    
   1.01499999       62.5181618    
   1.01999998       62.5182953    
   1.02499998       62.5184708    
   1.02999997       62.5186729    
   1.03499997       62.5189095    
   1.03999996       62.5191727    
   1.04499996       62.5194702    
   1.04999995       62.5197792    
   1.05499995       62.5201225    
   1.05999994       62.5204697    
   1.06499994       62.5208359    
   1.06999993       62.5212288    
   1.07499993       62.5216179    
   1.07999992       62.5219994    
   1.08499992       62.5224037    
   1.09000003       62.5228043    
   1.09500003       62.5231590    
   1.10000002       62.5235252    
   1.10500002       62.5238876    
   1.11000001       62.5242043    
   1.11500001       62.5245209    
   1.12000000       62.5248032    
   1.12500000       62.5250549    
   1.13000000       62.5252914    
   1.13499999       62.5254669    
   1.13999999       62.5256233    
   1.14499998       62.5257454    
   1.14999998       62.5258102    
   1.15499997       62.5258293    
   1.15999997       62.5258026    
   1.16499996       62.5257607    
   1.16999996       62.5256844    
   1.17499995       62.5255775    
   1.17999995       62.5254402    
   1.18499994       62.5252571    
   1.18999994       62.5250549    
   1.19499993       62.5248032    
   1.19999993       62.5245209    
   1.20499992       62.5242195    
   1.20999992       62.5239105    
   1.21499991       62.5235672    
   1.22000003       62.5232124    
   1.22500002       62.5228424    
   1.23000002       62.5224648    
   1.23500001       62.5220642    
   1.24000001       62.5216904    
   1.24500000       62.5212975    
   1.25000000       62.5209084    
   1.25500000       62.5205460    
   1.25999999       62.5201988    
   1.26499999       62.5198593    
   1.26999998       62.5195541    
   1.27499998       62.5192566    
   1.27999997       62.5189857    
   1.28499997       62.5187492    
   1.28999996       62.5185547    
   1.29499996       62.5183830    
   1.29999995       62.5182533    
   1.30499995       62.5181580    
   1.30999994       62.5181046    
   1.31499994       62.5225868    
   1.31999993       62.5225868    
   1.32499993       62.5225868    
   1.32999992       62.5225868    
   1.33499992       62.5225868    
   1.33999991       62.5225868    
   1.34500003       62.5225868    
   1.35000002       62.5225868    
   1.35500002       62.5225868    
   1.36000001       62.5225868    
   1.36500001       62.5225868    
   1.37000000       62.5225868    
   1.37500000       62.5225868    
   1.38000000       62.5225868    
   1.38499999       62.5225868    
   1.38999999       62.5225868    
   1.39499998       62.5225868    
   1.39999998       62.5225868    
   1.40499997       62.5225868    
   1.40999997       62.5225868    
   1.41499996       62.5225868    
   1.41999996       62.5225868    
   1.42499995       62.5225868    
   1.42999995       62.5225868    
   1.43499994       62.5225868    
   1.43999994       62.5225868    
   1.44499993       62.5225868    
   1.44999993       62.5225868    
   1.45499992       62.5225868    
   1.45999992       62.5225868    
   1.46499991       62.5225868    
   1.46999991       62.5225868    
   1.47500002       62.5225868    
   1.48000002       62.5225868    
   1.48500001       62.5225868    
   1.49000001       62.5225868    
   1.49500000       62.5225868    
   1.50000000       62.5225868    
   1.50500000       62.5225868    
   1.50999999       62.5225868    
   1.51499999       62.5225868    
   1.51999998       62.5225868    
   1.52499998       62.5225868    
   1.52999997       62.5225868    
   1.53499997       62.5225868    
   1.53999996       62.5225868    
   1.54499996       62.5225868    
   1.54999995       62.5225868    
   1.55499995       62.5225868    
   1.55999994       62.5225868    
   1.56499994       62.5225868    
   1.56999993       62.5225868    
   1.57499993       62.5225868    
   1.57999992       62.5225868    
   1.58499992       62.5225868    
   1.58999991       62.5225868    
   1.59499991       62.5225868    
   1.59999990       62.5225868    
   1.60500002       62.5225868    
   1.61000001       62.5225868    
   1.61500001       62.5225868    
   1.62000000       62.5225868    
   1.62500000       62.5225868    
   1.63000000       62.5225868    
   1.63499999       62.5225868    
   1.63999999       62.5225868    
   1.64499998       62.5225868    
   1.64999998       62.5225868    
   1.65499997       62.5225868    
   1.65999997       62.5225868    
   1.66499996       62.5225868    
   1.66999996       62.5225868    
   1.67499995       62.5225868    
   1.67999995       62.5225868    
   1.68499994       62.5225868    
   1.68999994       62.5225868    
   1.69499993       62.5225868    
   1.69999993       62.5225868    
   1.70499992       62.5225868    
   1.70999992       62.5225868    
   1.71499991       62.5225868    
   1.71999991       62.5225868    
   1.72499990       62.5225868    
   1.73000002       62.5225868    
   1.73500001       62.5225868    
   1.74000001       62.5225868    
   1.74500000       62.5225868    
   1.75000000       62.5225868    
   1.75500000       62.5225868    
   1.75999999       62.5225868    
   1.76499999       62.5225868    
   1.76999998       62.5225868    
   1.77499998       62.5225868    
   1.77999997       62.5225868    
   1.78499997       62.5225868    
   1.78999996       62.5225868    
   1.79499996       62.5225868    
   1.79999995       62.5225868    
   1.80499995       62.5225868    
   1.80999994       62.5225868    
   1.81499994       62.5018272    
   1.81999993       62.5019379    
   1.82499993       62.5021973    
   1.82999992       62.5026207    
   1.83499992       62.5032005    
   1.83999991       62.5039253    
   1.84499991       62.5047684    
   1.84999990       62.5057487    
   1.85499990       62.5068398    
   1.86000001       62.5080185    
   1.86500001       62.5093155    
   1.87000000       62.5107079    
   1.87500000       62.5121231    
   1.88000000       62.5136108    
   1.88499999       62.5151329    
   1.88999999       62.5167046    
   1.89499998       62.5182533    
   1.89999998       62.5198174    
   1.90499997       62.5213737    
   1.90999997       62.5228310    
   1.91499996       62.5242310    
   1.91999996       62.5256004    
   1.92499995       62.5269089    
   1.92999995       62.5280685    
   1.93499994       62.5291862    
   1.93999994       62.5301781    
   1.94499993       62.5310555    
   1.94999993       62.5317917    
   1.95499992       62.5323372    
   1.95999992       62.5327988    
   1.96499991       62.5330353    
   1.96999991       62.5331688    
   1.97499990       62.5331421    
   1.97999990       62.5329704    
   1.98500001       62.5326118    
   1.99000001       62.5320625    
   1.99500000       62.5313721    
   2.00000000       62.5305519    
   2.00499988       62.5296745    
   2.00999999       62.5285950    
   2.01499987       62.5274391    
   2.01999998       62.5262260    
   2.02499986       62.5249023    
   2.02999997       62.5235214    
   2.03499985       62.5220757    
   2.03999996       62.5205345    
   2.04499984       62.5189972    
   2.04999995       62.5174103    
   2.05500007       62.5158691    
   2.05999994       62.5143013    
   2.06500006       62.5127945    
   2.06999993       62.5113144    
   2.07500005       62.5099373    
   2.07999992       62.5086098    
   2.08500004       62.5073624    
   2.08999991       62.5062141    
   2.09500003       62.5051994    
   2.09999990       62.5042953    
   2.10500002       62.5035133    
   2.10999990       62.5028954    
   2.11500001       62.5024109    
   2.11999989       62.5020790    
   2.12500000       62.5019073    
   2.12999988       62.5314865    
   2.13499999       62.5314865    
   2.13999987       62.5314865    
   2.14499998       62.5314865    
   2.14999986       62.5314865    
   2.15499997       62.5314865    
   2.15999985       62.5314865    
   2.16499996       62.5314865    
   2.16999984       62.5314865    
   2.17499995       62.5314865    
   2.18000007       62.5314865    
   2.18499994       62.5314865    
   2.19000006       62.5314865    
   2.19499993       62.5314865    
   2.20000005       62.5314865    
   2.20499992       62.5314865    
   2.21000004       62.5314865    
   2.21499991       62.5314865    
   2.22000003       62.5314865    
   2.22499990       62.5314865    
   2.23000002       62.5314865    
   2.23499990       62.5314865    
   2.24000001       62.5314865    
   2.24499989       62.5314865    
   2.25000000       62.5314865    
   2.25499988       62.5314865    
   2.25999999       62.5314865    
   2.26499987       62.5314865    
   2.26999998       62.5314865    
   2.27499986       62.5314865    
   2.27999997       62.5314865    
   2.28499985       62.5314865    
   2.28999996       62.5314865    
   2.29499984       62.5314865    
   2.29999995       62.5314865    
   2.30500007       62.5314865    
   2.30999994       62.5314865    
   2.31500006       62.5314865    
   2.31999993       62.5314865    
   2.32500005       62.5314865    
   2.32999992       62.5314865    
   2.33500004       62.5314865    
   2.33999991       62.5314865    
   2.34500003       62.5314865    
   2.34999990       62.5314865    
   2.35500002       62.5314865    
   2.35999990       62.5314865    
   2.36500001       62.5314865    
   2.36999989       62.5314865    
   2.37500000       62.5314865    
   2.37999988       62.5314865    
   2.38499999       62.5314865    
   2.38999987       62.5314865    
   2.39499998       62.5314865    
   2.39999986       62.5314865    
   2.40499997       62.5314865    
   2.40999985       62.5314865    
   2.41499996       62.5314865    
   2.41999984       62.5314865    
   2.42499995       62.5314865    
   2.42999983       62.5314865    
   2.43499994       62.5314865    
   2.44000006       62.5314865    
   2.44499993       62.5314865    
   2.45000005       62.5314865    
   2.45499992       62.5314865    
   2.46000004       62.5314865    
   2.46499991       62.5314865    
   2.47000003       62.5314865    
   2.47499990       62.5314865    
   2.48000002       62.5314865    
   2.48499990       62.5314865    
   2.49000001       62.5314865    
   2.49499989       62.5314865    
   2.50000000       62.5314865    
   2.50499988       62.5314865    
   2.50999999       62.5314865    
   2.51499987       62.5314865    
   2.51999998       62.5314865    
   2.52499986       62.5314865    
   2.52999997       62.5314865    
   2.53499985       62.5314865    
   2.53999996       62.5314865    
   2.54499984       62.5314865    
   2.54999995       62.5314865    
   2.55499983       62.5314865    
   2.55999994       62.5314865    
   2.56500006       62.5314865    
   2.56999993       62.5314865    
   2.57500005       62.5314865    
   2.57999992       62.5314865    
   2.58500004       62.5314865    
   2.58999991       62.5314865    
   2.59500003       62.5314865    
   2.59999990       62.5314865    
   2.60500002       62.5314865    
   2.60999990       62.5314865    
   2.61500001       62.5314865    
   2.61999989       62.5314865    
   2.62500000       62.5314865    
   2.62999988       62.5314865    
   2.63499999       62.5314865    
   2.63999987       62.5314865    
   2.64499998       62.5314865    
   2.64999986       62.5314865    
   2.65499997       62.5314865    
   2.65999985       62.5314865    
   2.66499996       62.5314865    
   2.66999984       62.5314865    
   2.67499995       62.5314865    
   2.67999983       62.5314865    
   2.68499994       62.5314865    
   2.69000006       62.5314865    
   2.69499993       62.5314865    
   2.70000005       62.5314865    
   2.70499992       62.5314865    
   2.71000004       62.5314865    
   2.71499991       62.5314865    
   2.72000003       62.5314865    
   2.72499990       62.5314865    
   2.73000002       62.5314865    
   2.73499990       62.5314865    
   2.74000001       62.5314865    
   2.74499989       62.5314865    
   2.75000000       62.5314865    
   2.75499988       62.5314865    
   2.75999999       62.5314865    
   2.76499987       62.5314865    
   2.76999998       62.5314865    
   2.77499986       62.5314865    
   2.77999997       62.5314865    
   2.78499985       62.5314865    
   2.78999996       62.5314865    
   2.79499984       62.5314865    
   2.79999995       62.5314865    
   2.80499983       62.5314865    
   2.80999994       62.5314865    
   2.81499982       62.5314865    
   2.81999993       62.5314865    
   2.82500005       62.5314865    
   2.82999992       62.5314865    
   2.83500004       62.5314865    
   2.83999991       62.5314865    
   2.84500003       62.5314865    
   2.84999990       62.5314865    
   2.85500002       62.5314865    
   2.85999990       62.5314865    
   2.86500001       62.5314865    
   2.86999989       62.5314865    
   2.87500000       62.5314865    
   2.87999988       62.5314865    
   2.88499999       62.5314865    
   2.88999987       62.5314865    
   2.89499998       62.5314865    
   2.89999986       62.5314865    
   2.90499997       62.5314865    
   2.90999985       62.5314865    
   2.91499996       62.5314865    
   2.91999984       62.5314865    
   2.92499995       62.5314865    
   2.92999983       62.5314865    
   2.93499994       62.5314865    
   2.93999982       62.5314865    
   2.94499993       62.5314865    
   2.95000005       62.5314865    
   2.95499992       62.5314865    
   2.96000004       62.5314865    
   2.96499991       62.5314865    
   2.97000003       62.5314865    
   2.97499990       62.5314865    
   2.98000002       62.5314865    
   2.98499990       62.5314865    
   2.99000001       62.5314865    
   2.99499989       62.5314865    
   3.00000000       62.5314865    
   3.00499988       62.5314865    
   3.00999999       62.5314865    
   3.01499987       62.5314865    
   3.01999998       62.5314865    
   3.02499986       62.5314865    
   3.02999997       62.5314865    
   3.03499985       62.5314865    
   3.03999996       62.5314865    
   3.04499984       62.5314865    
   3.04999995       62.5314865    
   3.05499983       62.5314865    
   3.05999994       62.5314865    
   3.06499982       62.5314865    
   3.06999993       62.5314865    
   3.07500005       62.5314865    
   3.07999992       62.5314865    
   3.08500004       62.5314865    
   3.08999991       62.5314865    
   3.09500003       62.5314865    
   3.09999990       62.5314865    
   3.10500002       62.5314865    
   3.10999990       62.5314865    
   3.11500001       62.5314865    
   3.11999989       62.5314865    
   3.12500000       62.5314865    
   3.12999988       62.5007019    
   3.13499999       62.5008469    
   3.13999987       62.5011444    
   3.14499998       62.5015984    
   3.14999986       62.5021973    
   3.15499997       62.5029297    
   3.15999985       62.5038071    
   3.16499996       62.5048065    
   3.16999984       62.5059204    
   3.17499995       62.5071335    
   3.17999983       62.5084419    
   3.18499994       62.5098343    
   3.18999982       62.5112839    
   3.19499993       62.5127869    
   3.19999981       62.5143204    
   3.20499992       62.5158806    
   3.21000004       62.5174408    
   3.21499991       62.5189934    
   3.22000003       62.5205154    
   3.22499990       62.5219994    
   3.23000002       62.5234222    
   3.23499990       62.5247765    
   3.24000001       62.5260429    
   3.24499989       62.5272179    
   3.25000000       62.5282822    
   3.25499988       62.5292206    
   3.25999999       62.5300369    
   3.26499987       62.5307121    
   3.26999998       62.5312424    
   3.27499986       62.5316277    
   3.27999997       62.5318565    
   3.28499985       62.5319328    
   3.28999996       62.5318489    
   3.29499984       62.5316124    
   3.29999995       62.5312271    
   3.30499983       62.5306816    
   3.30999994       62.5299950    
   3.31499982       62.5233841    
   3.31999993       62.5224648    
   3.32499981       62.5214653    
   3.32999992       62.5203896    
   3.33500004       62.5192566    
   3.33999991       62.5180779    
   3.34500003       62.5168571    
   3.34999990       62.5156174    
   3.35500002       62.5143661    
   3.35999990       62.5131149    
   3.36500001       62.5118752    
   3.36999989       62.5106621    
   3.37500000       62.5094833    
   3.37999988       62.5083542    
   3.38499999       62.5072899    
   3.38999987       62.5062943    
   3.39499998       62.5053825    
   3.39999986       62.5045624    
   3.40499997       62.5038376    
   3.40999985       62.5032234    
   3.41499996       62.5027199    
   3.41999984       62.5023270    
   3.42499995       62.5020485    
   3.42999983       62.5018997    
   3.43499994       62.5018768    
   3.43999982       62.5019722    
   3.44499993       62.5318184    
   3.44999981       62.5319939    
   3.45499992       62.5321350    
   3.46000004       62.5322380    
   3.46499991       62.5323029    
   3.47000003       62.5323296    
   3.47499990       62.5323143    
   3.48000002       62.5322647    
   3.48499990       62.5321732    
   3.49000001       62.5320473    
   3.49499989       62.5318832    
   3.50000000       62.5316849    
   3.50499988       62.5314522    
   3.50999999       62.5311928    
   3.51499987       62.5309029    
   3.51999998       62.5305901    
   3.52499986       62.5302544    
   3.52999997       62.5298996    
   3.53499985       62.5295296    
   3.53999996       62.5291519    
   3.54499984       62.5287666    
   3.54999995       62.5283737    
   3.55499983       62.5279846    
   3.55999994       62.5275993    
   3.56499982       62.5272217    
   3.56999993       62.5268555    
   3.57499981       62.5265045    
   3.57999992       62.5261726    
   3.58500004       62.5258675    
   3.58999991       62.5255852    
   3.59500003       62.5253334    
   3.59999990       62.5251083    
   3.60500002       62.5249214    
   3.60999990       62.5247688    
   3.61500001       62.5246506    
   3.61999989       62.5245667    
   3.62500000       62.5245247    
   3.62999988       62.5321350    
   3.63499999       62.5321350    
   3.63999987       62.5321350    
   3.64499998       62.5321350    
   3.64999986       62.5321350    
   3.65499997       62.5321350    
   3.65999985       62.5321350    
   3.66499996       62.5321350    
   3.66999984       62.5321350    
   3.67499995       62.5321350    
   3.67999983       62.5321350    
   3.68499994       62.5321350    
   3.68999982       62.5321350    
   3.69499993       62.5321350    
   3.69999981       62.5321350    
   3.70499992       62.5321350    
   3.70999980       62.5321350    
   3.71499991       62.5321350    
   3.72000003       62.5321350    
   3.72499990       62.5321350    
   3.73000002       62.5321350    
   3.73499990       62.5321350    
   3.74000001       62.5321350    
   3.74499989       62.5321350    
   3.75000000       62.5321350    
   3.75499988       62.5321350    
   3.75999999       62.5321350    
   3.76499987       62.5321350    
   3.76999998       62.5321350    
   3.77499986       62.5321350    
   3.77999997       62.5321350    
   3.78499985       62.5321350    
   3.78999996       62.5321350    
   3.79499984       62.5321350    
   3.79999995       62.5321350    
   3.80499983       62.5321350    
   3.80999994       62.5321350    
   3.81499982       62.5321350    
   3.81999993       62.5321350    
   3.82499981       62.5321350    
   3.82999992       62.5321350    
   3.83499980       62.5321350    
   3.83999991       62.5321350    
   3.84500003       62.5321350    
   3.84999990       62.5321350    
   3.85500002       62.5321350    
   3.85999990       62.5321350    
   3.86500001       62.5321350    
   3.86999989       62.5321350    
   3.87500000       62.5321350    
   3.87999988       62.5321350    
   3.88499999       62.5321350    
   3.88999987       62.5321350    
   3.89499998       62.5321350    
   3.89999986       62.5321350    
   3.90499997       62.5321350    
   3.90999985       62.5321350    
   3.91499996       62.5321350    
   3.91999984       62.5321350    
   3.92499995       62.5321350    
   3.92999983       62.5321350    
   3.93499994       62.5321350    
   3.93999982       62.5321350    
   3.94499993       62.5321350    
   3.94999981       62.5321350    
   3.95499992       62.5321350    
   3.95999980       62.5321350    
   3.96499991       62.5321350    
   3.97000003       62.5321350    
   3.97499990       62.5321350    
   3.98000002       62.5321350    
   3.98499990       62.5321350    
   3.99000001       62.5321350    
   3.99499989       62.5321350    
   4.00000000       62.5321350    
   4.00500011       62.5321350    
   4.00999975       62.5321350    
   4.01499987       62.5321350    
   4.01999998       62.5321350    
   4.02500010       62.5321350    
   4.02999973       62.5321350    
   4.03499985       62.5321350    
   4.03999996       62.5321350    
   4.04500008       62.5321350    
   4.04999971       62.5321350    
   4.05499983       62.5321350    
   4.05999994       62.5321350    
   4.06500006       62.5321350    
   4.06999969       62.5321350    
   4.07499981       62.5321350    
   4.07999992       62.5321350    
   4.08500004       62.5321350    
   4.08999968       62.5321350    
   4.09499979       62.5321350    
   4.09999990       62.5321350    
   4.10500002       62.5321350    
   4.11000013       62.5321350    
   4.11499977       62.5321350    
   4.11999989       62.5321350    
   4.12500000       62.5321350    
   4.13000011       62.5321350    
   4.13499975       62.5321350    
   4.13999987       62.5321350    
   4.14499998       62.5321350    
   4.15000010       62.5321350    
   4.15499973       62.5321350    
   4.15999985       62.5321350    
   4.16499996       62.5321350    
   4.17000008       62.5321350    
   4.17499971       62.5321350    
   4.17999983       62.5321350    
   4.18499994       62.5321350    
   4.19000006       62.5321350    
   4.19499969       62.5321350    
   4.19999981       62.5321350    
   4.20499992       62.5321350    
   4.21000004       62.5321350    
   4.21499968       62.5321350    
   4.21999979       62.5321350    
   4.22499990       62.5321350    
   4.23000002       62.5321350    
   4.23500013       62.5321350    
   4.23999977       62.5321350    
   4.24499989       62.5321350    
   4.25000000       62.5321350    
   4.25500011       62.5321350    
   4.25999975       62.5321350    
   4.26499987       62.5321350    
   4.26999998       62.5321350    
   4.27500010       62.5321350    
   4.27999973       62.5321350    
   4.28499985       62.5321350    
   4.28999996       62.5321350    
   4.29500008       62.5321350    
   4.29999971       62.5321350    
   4.30499983       62.5321350    
   4.30999994       62.5321350    
   4.31500006       62.5321350    
   4.31999969       62.5321350    
   4.32499981       62.5321350    
   4.32999992       62.5321350    
   4.33500004       62.5321350    
   4.33999968       62.5321350    
   4.34499979       62.5321350    
   4.34999990       62.5321350    
   4.35500002       62.5321350    
   4.36000013       62.5321350    
   4.36499977       62.5321350    
   4.36999989       62.5321350    
   4.37500000       62.5321350    
   4.38000011       62.5321350    
   4.38499975       62.5321350    
   4.38999987       62.5321350    
   4.39499998       62.5321350    
   4.40000010       62.5321350    
   4.40499973       62.5321350    
   4.40999985       62.5321350    
   4.41499996       62.5321350    
   4.42000008       62.5321350    
   4.42499971       62.5321350    
   4.42999983       62.5321350    
   4.43499994       62.5321350    
   4.44000006       62.5321350    
   4.44499969       62.5043182    
   4.44999981       62.5045013    
   4.45499992       62.5048370    
   4.46000004       62.5053406    
   4.46499968       62.5059853    
   4.46999979       62.5067482    
   4.47499990       62.5076714    
   4.48000002       62.5087090    
   4.48500013       62.5098457    
   4.48999977       62.5110855    
   4.49499989       62.5123940    
   4.50000000       62.5137863    
   4.50500011       62.5152512    
   4.50999975       62.5167580    
   4.51499987       62.5183296    
   4.51999998       62.5198669    
   4.52500010       62.5214233    
   4.52999973       62.5229607    
   4.53499985       62.5244370    
   4.53999996       62.5258865    
   4.54500008       62.5273285    
   4.54999971       62.5286598    
   4.55499983       62.5298843    
   4.55999994       62.5310440    
   4.56500006       62.5320702    
   4.56999969       62.5330162    
   4.57499981       62.5337944    
   4.57999992       62.5343971    
   4.58500004       62.5348892    
   4.58999968       62.5352707    
   4.59499979       62.5354271    
   4.59999990       62.5354614    
   4.60500002       62.5353394    
   4.61000013       62.5350647    
   4.61499977       62.5346031    
   4.61999989       62.5340462    
   4.62500000       62.5333595    
   4.63000011       62.5324745    
   4.63499975       62.5314674    
   4.63999987       62.5303993    
   4.64499998       62.5292358    
   4.65000010       62.5279350    
   4.65499973       62.5265579    
   4.65999985       62.5251122    
   4.66499996       62.5236244    
   4.67000008       62.5221176    
   4.67499971       62.5205803    
   4.67999983       62.5190201    
   4.68499994       62.5174561    
   4.69000006       62.5159454    
   4.69499969       62.5144577    
   4.69999981       62.5130310    
   4.70499992       62.5116463    
   4.71000004       62.5103722    
   4.71499968       62.5091705    
   4.71999979       62.5080986    
   4.72499990       62.5071449    
   4.73000002       62.5063133    
   4.73499966       62.5055962    
   4.73999977       62.5050354    
   4.74499989       62.5046196    
   4.75000000       62.5043602    
   4.75500011       62.5042534    
   4.75999975       62.5210724    
   4.76499987       62.5210724    
   4.76999998       62.5210724    
   4.77500010       62.5210724    
   4.77999973       62.5210724    
   4.78499985       62.5210724    
   4.78999996       62.5210724    
   4.79500008       62.5210724    
   4.79999971       62.5210724    
   4.80499983       62.5210724    
   4.80999994       62.5210724    
   4.81500006       62.5210724    
   4.81999969       62.5210724    
   4.82499981       62.5210724    
   4.82999992       62.5210724    
   4.83500004       62.5210724    
   4.83999968       62.5210724    
   4.84499979       62.5210724    
   4.84999990       62.5210724    
   4.85500002       62.5210724    
   4.85999966       62.5210724    
   4.86499977       62.5210724    
   4.86999989       62.5210724    
   4.87500000       62.5210724    
   4.88000011       62.5210724    
   4.88499975       62.5210724    
   4.88999987       62.5210724    
   4.89499998       62.5210724    
   4.90000010       62.5210724    
   4.90499973       62.5210724    
   4.90999985       62.5210724    
   4.91499996       62.5210724    
   4.92000008       62.5210724    
   4.92499971       62.5210724    
   4.92999983       62.5210724    
   4.93499994       62.5210724    
   4.94000006       62.5210724    
   4.94499969       62.5210724    
   4.94999981       62.5210724    
   4.95499992       62.5210724    
   4.96000004       62.5210724    
   4.96499968       62.5210724    
   4.96999979       62.5210724    
   4.97499990       62.5210724    
   4.98000002       62.5210724    
   4.98499966       62.5210724    
   4.98999977       62.5210724    
   4.99499989       62.5210724    
   5.00000000       62.5210724    
   5.00500011       62.5210724    
   5.00999975       62.5210724    
   5.01499987       62.5210724    
   5.01999998       62.5210724    
   5.02500010       62.5210724    
   5.02999973       62.5210724    
   5.03499985       62.5210724    
   5.03999996       62.5210724    
   5.04500008       62.5210724    
   5.04999971       62.5210724    
   5.05499983       62.5210724    
   5.05999994       62.5210724    
   5.06500006       62.5210724    
   5.06999969       62.5210724    
   5.07499981       62.5210724    
   5.07999992       62.5210724    
   5.08500004       62.5210724    
   5.08999968       62.5210724    
   5.09499979       62.5210724    
   5.09999990       62.5210724    
   5.10500002       62.5210724    
   5.10999966       62.5210724    
   5.11499977       62.5210724    
   5.11999989       62.5210724    
   5.12500000       62.5210724    
   5.13000011       62.5210724    
   5.13499975       62.5210724    
   5.13999987       62.5210724    
   5.14499998       62.5210724    
   5.15000010       62.5210724    
   5.15499973       62.5210724    
   5.15999985       62.5210724    
   5.16499996       62.5210724    
   5.17000008       62.5210724    
   5.17499971       62.5210724    
   5.17999983       62.5210724    
   5.18499994       62.5210724    
   5.19000006       62.5210724    
   5.19499969       62.5210724    
   5.19999981       62.5210724    
   5.20499992       62.5210724    
   5.21000004       62.5210724    
   5.21499968       62.5210724    
   5.21999979       62.5210724    
   5.22499990       62.5210724    
   5.23000002       62.5210724    
   5.23499966       62.5210724    
   5.23999977       62.5210724    
   5.24499989       62.5210724    
   5.25000000       62.5210724    
   5.25500011       62.5210724    
   5.25999975       62.5210724    
   5.26499987       62.5210724    
   5.26999998       62.5210724    
   5.27500010       62.5210724    
   5.27999973       62.5210724    
   5.28499985       62.5210724    
   5.28999996       62.5210724    
   5.29500008       62.5210724    
   5.29999971       62.5210724    
   5.30499983       62.5210724    
   5.30999994       62.5210724    
   5.31500006       62.5210724    
   5.31999969       62.5210724    
   5.32499981       62.5210724    
   5.32999992       62.5210724    
   5.33500004       62.5210724    
   5.33999968       62.5210724    
   5.34499979       62.5210724    
   5.34999990       62.5210724    
   5.35500002       62.5210724    
   5.35999966       62.5210724    
   5.36499977       62.5210724    
   5.36999989       62.5210724    
   5.37500000       62.5210724    
   5.38000011       62.5210724    
   5.38499975       62.5210724    
   5.38999987       62.5210724    
   5.39499998       62.5210724    
   5.40000010       62.5210724    
   5.40499973       62.5210724    
   5.40999985       62.5210724    
   5.41499996       62.5210724    
   5.42000008       62.5210724    
   5.42499971       62.5210724    
   5.42999983       62.5210724    
   5.43499994       62.5210724    
   5.44000006       62.5210724    
   5.44499969       62.5210724    
   5.44999981       62.5210724    
   5.45499992       62.5210724    
   5.46000004       62.5210724    
   5.46499968       62.5210724    
   5.46999979       62.5210724    
   5.47499990       62.5210724    
   5.48000002       62.5210724    
   5.48499966       62.5210724    
   5.48999977       62.5210724    
   5.49499989       62.5210724    
   5.50000000       62.5210724    
   5.50500011       62.5210724    
   5.50999975       62.5210724    
   5.51499987       62.5210724    
   5.51999998       62.5210724    
   5.52500010       62.5210724    
   5.52999973       62.5210724    
   5.53499985       62.5210724    
   5.53999996       62.5210724    
   5.54500008       62.5210724    
   5.54999971       62.5210724    
   5.55499983       62.5210724    
   5.55999994       62.5210724    
   5.56500006       62.5210724    
   5.56999969       62.5210724    
   5.57499981       62.5210724    
   5.57999992       62.5210724    
   5.58500004       62.5210724    
   5.58999968       62.5210724    
   5.59499979       62.5210724    
   5.59999990       62.5210724    
   5.60500002       62.5210724    
   5.60999966       62.5210724    
   5.61499977       62.5210724    
   5.61999989       62.5210724    
   5.62500000       62.5210724    
   5.62999964       62.5132751    
   5.63499975       62.5133133    
   5.63999987       62.5133934    
   5.64499998       62.5135078    
   5.65000010       62.5136642    
   5.65499973       62.5138550    
   5.65999985       62.5140686    
   5.66499996       62.5143127    
   5.67000008       62.5145950    
   5.67499971       62.5149002    
   5.67999983       62.5152283    
   5.68499994       62.5155830    
   5.69000006       62.5159607    
   5.69499969       62.5163307    
   5.69999981       62.5167236    
   5.70499992       62.5171051    
   5.71000004       62.5174980    
   5.71499968       62.5178947    
   5.71999979       62.5182953    
   5.72499990       62.5186806    
   5.73000002       62.5190544    
   5.73499966       62.5193863    
   5.73999977       62.5196915    
   5.74499989       62.5199966    
   5.75000000       62.5202484    
   5.75499964       62.5204659    
   5.75999975       62.5064735    
   5.76499987       62.5068626    
   5.76999998       62.5073395    
   5.77500010       62.5079498    
   5.77999973       62.5086784    
   5.78499985       62.5094910    
   5.78999996       62.5103951    
   5.79500008       62.5113831    
   5.79999971       62.5124359    
   5.80499983       62.5135574    
   5.80999994       62.5147018    
   5.81500006       62.5159111    
   5.81999969       62.5171661    
   5.82499981       62.5184364    
   5.82999992       62.5196953    
   5.83500004       62.5209236    
   5.83999968       62.5221367    
   5.84499979       62.5233040    
   5.84999990       62.5244255    
   5.85500002       62.5254974    
   5.85999966       62.5265121    
   5.86499977       62.5274506    
   5.86999989       62.5282822    
   5.87500000       62.5290375    
   5.87999964       62.5296707    
   5.88499975       62.5302086    
   5.88999987       62.5306091    
   5.89499998       62.5308876    
   5.90000010       62.5310478    
   5.90499973       62.5310898    
   5.90999985       62.5310097    
   5.91499996       62.5307884    
   5.92000008       62.5304565    
   5.92499971       62.5300064    
   5.92999983       62.5294418    
   5.93499994       62.5287704    
   5.94000006       62.5279999    
   5.94499969       62.5337334    
   5.94999981       62.5327301    
   5.95499992       62.5316124    
   5.96000004       62.5303955    
   5.96499968       62.5290833    
   5.96999979       62.5276947    
   5.97499990       62.5262413    
   5.98000002       62.5247383    
   5.98499966       62.5231972    
   5.98999977       62.5216370    
   5.99499989       62.5200729    
   6.00000000       62.5185242    
   6.00499964       62.5169983    
   6.00999975       62.5155182    
   6.01499987       62.5140877    
   6.01999998       62.5127373    
   6.02500010       62.5114746    
   6.02999973       62.5103035    
   6.03499985       62.5092430    
   6.03999996       62.5082970    
   6.04500008       62.5074844    
   6.04999971       62.5068092    
   6.05499983       62.5062828    
   6.05999994       62.5059013    
   6.06500006       62.5056725    
   6.06999969       62.5108032    
   6.07499981       62.5108032    
   6.07999992       62.5108032    
   6.08500004       62.5108032    
   6.08999968       62.5108032    
   6.09499979       62.5108032    
   6.09999990       62.5108032    
   6.10500002       62.5108032    
   6.10999966       62.5108032    
   6.11499977       62.5108032    
   6.11999989       62.5108032    
   6.12500000       62.5108032    
   6.12999964       62.5108032    
   6.13499975       62.5108032    
   6.13999987       62.5108032    
   6.14499998       62.5108032    
   6.15000010       62.5108032    
   6.15499973       62.5108032    
   6.15999985       62.5108032    
   6.16499996       62.5108032    
   6.17000008       62.5108032    
   6.17499971       62.5108032    
   6.17999983       62.5108032    
   6.18499994       62.5108032    
   6.19000006       62.5108032    
   6.19499969       62.5108032    
   6.19999981       62.5108032    
   6.20499992       62.5108032    
   6.21000004       62.5108032    
   6.21499968       62.5108032    
   6.21999979       62.5108032    
   6.22499990       62.5108032    
   6.23000002       62.5108032    
   6.23499966       62.5108032    
   6.23999977       62.5108032    
   6.24499989       62.5108032    
   6.25000000       62.5108032    
   6.25499964       62.5108032    
   6.25999975       62.5108032    
   6.26499987       62.5108032    
   6.26999998       62.5108032    
   6.27500010       62.5108032    
   6.27999973       62.5108032    
   6.28499985       62.5108032    
   6.28999996       62.5108032    
   6.29500008       62.5108032    
   6.29999971       62.5108032    
   6.30499983       62.5108032    
   6.30999994       62.5108032    
   6.31500006       62.5108032    
   6.31999969       62.5108032    
   6.32499981       62.5108032    
   6.32999992       62.5108032    
   6.33500004       62.5108032    
   6.33999968       62.5108032    
   6.34499979       62.5108032    
   6.34999990       62.5108032    
   6.35500002       62.5108032    
   6.35999966       62.5108032    
   6.36499977       62.5108032    
   6.36999989       62.5108032    
   6.37500000       62.5108032    
   6.37999964       62.5108032    
   6.38499975       62.5108032    
   6.38999987       62.5108032    
   6.39499998       62.5108032    
   6.39999962       62.5108032    
   6.40499973       62.5108032    
   6.40999985       62.5108032    
   6.41499996       62.5108032    
   6.42000008       62.5108032    
   6.42499971       62.5108032    
   6.42999983       62.5108032    
   6.43499994       62.5108032    
   6.44000006       62.5108032    
   6.44499969       62.5108032    
   6.44999981       62.5108032    
   6.45499992       62.5108032    
   6.46000004       62.5108032    
   6.46499968       62.5108032    
   6.46999979       62.5108032    
   6.47499990       62.5108032    
   6.48000002       62.5108032    
   6.48499966       62.5108032    
   6.48999977       62.5108032    
   6.49499989       62.5108032    
   6.50000000       62.5108032    
   6.50499964       62.5108032    
   6.50999975       62.5108032    
   6.51499987       62.5108032    
   6.51999998       62.5108032    
   6.52499962       62.5108032    
   6.52999973       62.5108032    
   6.53499985       62.5108032    
   6.53999996       62.5108032    
   6.54500008       62.5108032    
   6.54999971       62.5108032    
   6.55499983       62.5108032    
   6.55999994       62.5108032    
   6.56500006       62.5108032    
   6.56999969       62.5108032    
   6.57499981       62.5108032    
   6.57999992       62.5108032    
   6.58500004       62.5108032    
   6.58999968       62.5108032    
   6.59499979       62.5108032    
   6.59999990       62.5108032    
   6.60500002       62.5108032    
   6.60999966       62.5108032    
   6.61499977       62.5108032    
   6.61999989       62.5108032    
   6.62500000       62.5108032    
   6.62999964       62.5108032    
   6.63499975       62.5108032    
   6.63999987       62.5108032    
   6.64499998       62.5108032    
   6.64999962       62.5108032    
   6.65499973       62.5108032    
   6.65999985       62.5108032    
   6.66499996       62.5108032    
   6.67000008       62.5108032    
   6.67499971       62.5108032    
   6.67999983       62.5108032    
   6.68499994       62.5108032    
   6.69000006       62.5108032    
   6.69499969       62.5108032    
   6.69999981       62.5108032    
   6.70499992       62.5108032    
   6.71000004       62.5108032    
   6.71499968       62.5108032    
   6.71999979       62.5108032    
   6.72499990       62.5108032    
   6.73000002       62.5108032    
   6.73499966       62.5108032    
   6.73999977       62.5108032    
   6.74499989       62.5108032    
   6.75000000       62.5108032    
   6.75499964       62.5108032    
   6.75999975       62.5108032    
   6.76499987       62.5108032    
   6.76999998       62.5108032    
   6.77499962       62.5108032    
   6.77999973       62.5108032    
   6.78499985       62.5108032    
   6.78999996       62.5108032    
   6.79500008       62.5108032    
   6.79999971       62.5108032    
   6.80499983       62.5108032    
   6.80999994       62.5108032    
   6.81500006       62.5108032    
   6.81999969       62.5108032    
   6.82499981       62.5108032    
   6.82999992       62.5108032    
   6.83500004       62.5108032    
   6.83999968       62.5108032    
   6.84499979       62.5108032    
   6.84999990       62.5108032    
   6.85500002       62.5108032    
   6.85999966       62.5108032    
   6.86499977       62.5108032    
   6.86999989       62.5108032    
   6.87500000       62.5108032    
   6.87999964       62.5108032    
   6.88499975       62.5108032    
   6.88999987       62.5108032    
   6.89499998       62.5108032    
   6.89999962       62.5108032    
   6.90499973       62.5108032    
   6.90999985       62.5108032    
   6.91499996       62.5108032    
   6.92000008       62.5108032    
   6.92499971       62.5108032    
   6.92999983       62.5108032    
   6.93499994       62.5108032    
   6.94000006       62.5108032    
   6.94499969       62.5108032    
   6.94999981       62.5108032    
   6.95499992       62.5108032    
   6.96000004       62.5108032    
   6.96499968       62.5108032    
   6.96999979       62.5108032    
   6.97499990       62.5108032    
   6.98000002       62.5108032    
   6.98499966       62.5108032    
   6.98999977       62.5108032    
   6.99499989       62.5108032    
   7.00000000       62.5108032    
   7.00499964       62.5108032    
   7.00999975       62.5108032    
   7.01499987       62.5108032    
   7.01999998       62.5108032    
   7.02499962       62.5108032    
   7.02999973       62.5108032    
   7.03499985       62.5108032    
   7.03999996       62.5108032    
   7.04500008       62.5108032    
   7.04999971       62.5108032    
   7.05499983       62.5108032    
   7.05999994       62.5108032    
   7.06500006       62.5108032    
   7.06999969       62.5043564    
   7.07499981       62.5044479    
   7.07999992       62.5046844    
   7.08500004       62.5050735    
   7.08999968       62.5056152    
   7.09499979       62.5062981    
   7.09999990       62.5071259    
   7.10500002       62.5080795    
   7.10999966       62.5091515    
   7.11499977       62.5103302    
   7.11999989       62.5116158    
   7.12500000       62.5129623    
   7.12999964       62.5144234    
   7.13499975       62.5159149    
   7.13999987       62.5174332    
   7.14499998       62.5189667    
   7.14999962       62.5204964    
   7.15499973       62.5220299    
   7.15999985       62.5235367    
   7.16499996       62.5250587    
   7.17000008       62.5264702    
   7.17499971       62.5278587    
   7.17999983       62.5291862    
   7.18499994       62.5303688    
   7.19000006       62.5314865    
   7.19499969       62.5324631    
   7.19999981       62.5332985    
   7.20499992       62.5340652    
   7.21000004       62.5346146    
   7.21499968       62.5350456    
   7.21999979       62.5353279    
   7.22499990       62.5354729    
   7.23000002       62.5354462    
   7.23499966       62.5352478    
   7.23999977       62.5349388    
   7.24499989       62.5344200    
   7.25000000       62.5338326    
   7.25499964       62.5330963    
   7.25999975       62.5321922    
   7.26499987       62.5311584    
   7.26999998       62.5300179    
   7.27499962       62.5287971    
   7.27999973       62.5275078    
   7.28499985       62.5261116    
   7.28999996       62.5246773    
   7.29499960       62.5231590    
   7.29999971       62.5216370    
   7.30499983       62.5200424    
   7.30999994       62.5184631    
   7.31500006       62.5169258    
   7.31999969       62.5153809    
   7.32499981       62.5138855    
   7.32999992       62.5124931    
   7.33500004       62.5111732    
   7.33999968       62.5099297    
   7.34499979       62.5087700    
   7.34999990       62.5077324    
   7.35500002       62.5068245    
   7.35999966       62.5060272    
   7.36499977       62.5053825    
   7.36999989       62.5048790    
   7.37500000       62.5045280    
   7.37999964       62.5043259    
   7.38499975       62.5263710    
   7.38999987       62.5263710    
   7.39499998       62.5263710    
   7.39999962       62.5263710    
   7.40499973       62.5263710    
   7.40999985       62.5263710    
   7.41499996       62.5263710    
   7.41999960       62.5263710    
   7.42499971       62.5263710    
   7.42999983       62.5263710    
   7.43499994       62.5263710    
   7.44000006       62.5263710    
   7.44499969       62.5263710    
   7.44999981       62.5263710    
   7.45499992       62.5263710    
   7.46000004       62.5263710    
   7.46499968       62.5263710    
   7.46999979       62.5263710    
   7.47499990       62.5263710    
   7.48000002       62.5263710    
   7.48499966       62.5263710    
   7.48999977       62.5263710    
   7.49499989       62.5263710    
   7.50000000       62.5263710    
   7.50499964       62.5263710    
   7.50999975       62.5263710    
   7.51499987       62.5263710    
   7.51999998       62.5263710    
   7.52499962       62.5263710    
   7.52999973       62.5263710    
   7.53499985       62.5263710    
   7.53999996       62.5263710    
   7.54499960       62.5263710    
   7.54999971       62.5263710    
   7.55499983       62.5263710    
   7.55999994       62.5263710    
   7.56500006       62.5263710    
   7.56999969       62.5263710    
   7.57499981       62.5263710    
   7.57999992       62.5263710    
   7.58500004       62.5263710    
   7.58999968       62.5263710    
   7.59499979       62.5263710    
   7.59999990       62.5263710    
   7.60500002       62.5263710    
   7.60999966       62.5263710    
   7.61499977       62.5263710    
   7.61999989       62.5263710    
   7.62500000       62.5263710    
   7.62999964       62.5263710    
   7.63499975       62.5263710    
   7.63999987       62.5263710    
   7.64499998       62.5263710    
   7.64999962       62.5263710    
   7.65499973       62.5263710    
   7.65999985       62.5263710    
   7.66499996       62.5263710    
   7.66999960       62.5263710    
   7.67499971       62.5263710    
   7.67999983       62.5263710    
   7.68499994       62.5263710    
   7.69000006       62.5263710    
   7.69499969       62.5263710    
   7.69999981       62.5263710    
   7.70499992       62.5263710    
   7.71000004       62.5263710    
   7.71499968       62.5263710    
   7.71999979       62.5263710    
   7.72499990       62.5263710    
   7.73000002       62.5263710    
   7.73499966       62.5263710    
   7.73999977       62.5263710    
   7.74499989       62.5263710    
   7.75000000       62.5263710    
   7.75499964       62.5263710    
   7.75999975       62.5263710    
   7.76499987       62.5263710    
   7.76999998       62.5263710    
   7.77499962       62.5263710    
   7.77999973       62.5263710    
   7.78499985       62.5263710    
   7.78999996       62.5263710    
   7.79499960       62.5263710    
   7.79999971       62.5263710    
   7.80499983       62.5263710    
   7.80999994       62.5263710    
   7.81500006       62.5263710    
   7.81999969       62.5263710    
   7.82499981       62.5263710    
   7.82999992       62.5263710    
   7.83500004       62.5263710    
   7.83999968       62.5263710    
   7.84499979       62.5263710    
   7.84999990       62.5263710    
   7.85500002       62.5263710    
   7.85999966       62.5263710    
   7.86499977       62.5263710    
   7.86999989       62.5263710    
   7.87500000       62.5263710    
   7.87999964       62.5263710    
   7.88499975       62.5263710    
   7.88999987       62.5263710    
   7.89499998       62.5263710    
   7.89999962       62.5263710    
   7.90499973       62.5263710    
   7.90999985       62.5263710    
   7.91499996       62.5263710    
   7.91999960       62.5263710    
   7.92499971       62.5263710    
   7.92999983       62.5263710    
   7.93499994       62.5263710    
   7.94000006       62.5263710    
   7.94499969       62.5210342    
   7.94999981       62.5210876    
   7.95499992       62.5211754    
   7.96000004       62.5213051    
   7.96499968       62.5214691    
   7.96999979       62.5216675    
   7.97499990       62.5218964    
   7.98000002       62.5221558    
   7.98499966       62.5224419    
   7.98999977       62.5227547    
   7.99499989       62.5230904    
   8.00000000       62.5234451    
   8.00500011       62.5238113    
   8.01000023       62.5241928    
   8.01499939       62.5245781    
   8.01999950       62.5249672    
   8.02499962       62.5253601    
   8.02999973       62.5257454    
   8.03499985       62.5261230    
   8.03999996       62.5264854    
   8.04500008       62.5268364    
   8.05000019       62.5271683    
   8.05499935       62.5274773    
   8.05999947       62.5277634    
   8.06499958       62.5280190    
   8.06999969       62.5282440    
   8.07499981       62.5284348    
   8.07999992       62.5285912    
   8.08500004       62.5287132    
   8.09000015       62.5287971    
   8.09500027       62.5288391    
   8.09999943       62.5288467    
   8.10499954       62.5288124    
   8.10999966       62.5287399    
   8.11499977       62.5286293    
   8.11999989       62.5284805    
   8.12500000       62.5282974    
   8.13000011       62.5280800    
   8.13500023       62.5278320    
   8.13999939       62.5275574    
   8.14499950       62.5272522    
   8.14999962       62.5269279    
   8.15499973       62.5265846    
   8.15999985       62.5262222    
   8.16499996       62.5258484    
   8.17000008       62.5254631    
   8.17500019       62.5250740    
   8.17999935       62.5246849    
   8.18499947       62.5242958    
   8.18999958       62.5239143    
   8.19499969       62.5235443    
   8.19999981       62.5231857    
   8.20499992       62.5228462    
   8.21000004       62.5225258    
   8.21500015       62.5222321    
   8.22000027       62.5219650    
   8.22499943       62.5217247    
   8.22999954       62.5215187    
   8.23499966       62.5213470    
   8.23999977       62.5212097    
   8.24499989       62.5211105    
   8.25000000       62.5210533    
   8.25500011       62.5210304    
   8.26000023       62.5223503    
   8.26499939       62.5223503    
   8.26999950       62.5223503    
   8.27499962       62.5223503    
   8.27999973       62.5223503    
   8.28499985       62.5223503    
   8.28999996       62.5223503    
   8.29500008       62.5223503    
   8.30000019       62.5223503    
   8.30499935       62.5223503    
   8.30999947       62.5223503    
   8.31499958       62.5223503    
   8.31999969       62.5223503    
   8.32499981       62.5223503    
   8.32999992       62.5223503    
   8.33500004       62.5223503    
   8.34000015       62.5223503    
   8.34500027       62.5223503    
   8.34999943       62.5223503    
   8.35499954       62.5223503    
   8.35999966       62.5223503    
   8.36499977       62.5223503    
   8.36999989       62.5223503    
   8.37500000       62.5223503    
   8.38000011       62.5223503    
   8.38500023       62.4976082    
   8.38999939       62.4977303    
   8.39499950       62.4980011    
   8.39999962       62.4984283    
   8.40499973       62.4990082    
   8.40999985       62.4997253    
   8.41499996       62.5005760    
   8.42000008       62.5015526    
   8.42500019       62.5026436    
   8.42999935       62.5038452    
   8.43499947       62.5051422    
   8.43999958       62.5065193    
   8.44499969       62.5079689    
   8.44999981       62.5094681    
   8.45499992       62.5110016    
   8.46000004       62.5125580    
   8.46500015       62.5141182    
   8.47000027       62.5156708    
   8.47499943       62.5171967    
   8.47999954       62.5186844    
   8.48499966       62.5201187    
   8.48999977       62.5214882    
   8.49499989       62.5227699    
   8.50000000       62.5239601    
   8.50500011       62.5250397    
   8.51000023       62.5260048    
   8.51499939       62.5268364    
   8.51999950       62.5275345    
   8.52499962       62.5280914    
   8.52999973       62.5284996    
   8.53499985       62.5287514    
   8.53999996       62.5288544    
   8.54500008       62.5287971    
   8.55000019       62.5285835    
   8.55499935       62.5282173    
   8.55999947       62.5276985    
   8.56499958       62.5270348    
   8.56999969       62.5262337    
   8.57499981       62.5253105    
   8.57999992       62.5242653    
   8.58500004       62.5231018    
   8.59000015       62.5218468    
   8.59500027       62.5205002    
   8.59999943       62.5190811    
   8.60499954       62.5176086    
   8.60999966       62.5160866    
   8.61499977       62.5145378    
   8.61999989       62.5129776    
   8.62500000       62.5114174    
   8.63000011       62.5098724    
   8.63500023       62.5083694    
   8.63999939       62.5069084    
   8.64499950       62.5055161    
   8.64999962       62.5042038    
   8.65499973       62.5029716    
   8.65999985       62.5018501    
   8.66499996       62.5008316    
   8.67000008       62.4999466    
   8.67500019       62.4991913    
   8.67999935       62.4985771    
   8.68499947       62.4981079    
   8.68999958       62.4977875    
   8.69499969       62.4976273    
   8.69999981       62.5285110    
   8.70499992       62.5285110    
   8.71000004       62.5285110    
   8.71500015       62.5285110    
   8.72000027       62.5285110    
   8.72499943       62.5285110    
   8.72999954       62.5285110    
   8.73499966       62.5285110    
   8.73999977       62.5285110    
   8.74499989       62.5285110    
   8.75000000       62.5285110    
   8.75500011       62.5285110    
   8.76000023       62.5285110    
   8.76499939       62.5285110    
   8.76999950       62.5285110    
   8.77499962       62.5285110    
   8.77999973       62.5285110    
   8.78499985       62.5285110    
   8.78999996       62.5285110    
   8.79500008       62.5285110    
   8.80000019       62.5285110    
   8.80499935       62.5285110    
   8.80999947       62.5285110    
   8.81499958       62.5285110    
   8.81999969       62.5285110    
   8.82499981       62.5285110    
   8.82999992       62.5285110    
   8.83500004       62.5285110    
   8.84000015       62.5285110    
   8.84500027       62.5285110    
   8.84999943       62.5285110    
   8.85499954       62.5285110    
   8.85999966       62.5285110    
   8.86499977       62.5285110    
   8.86999989       62.5285110    
   8.87500000       62.5285110    
   8.88000011       62.5285110    
   8.88500023       62.5285110    
   8.88999939       62.5285110    
   8.89499950       62.5285110    
   8.89999962       62.5285110    
   8.90499973       62.5285110    
   8.90999985       62.5285110    
   8.91499996       62.5285110    
   8.92000008       62.5285110    
   8.92500019       62.5285110    
   8.92999935       62.5285110    
   8.93499947       62.5285110    
   8.93999958       62.5285110    
   8.94499969       62.5285110    
   8.94999981       62.5285110    
   8.95499992       62.5285110    
   8.96000004       62.5285110    
   8.96500015       62.5285110    
   8.97000027       62.5285110    
   8.97499943       62.5285110    
   8.97999954       62.5285110    
   8.98499966       62.5285110    
   8.98999977       62.5285110    
   8.99499989       62.5285110    
   9.00000000       62.5285110    
   9.00500011       62.5285110    
   9.01000023       62.5285110    
   9.01499939       62.5285110    
   9.01999950       62.5285110    
   9.02499962       62.5285110    
   9.02999973       62.5285110    
   9.03499985       62.5285110    
   9.03999996       62.5285110    
   9.04500008       62.5285110    
   9.05000019       62.5285110    
   9.05499935       62.5285110    
   9.05999947       62.5285110    
   9.06499958       62.5285110    
   9.06999969       62.5285110    
   9.07499981       62.5285110    
   9.07999992       62.5285110    
   9.08500004       62.5285110    
   9.09000015       62.5285110    
   9.09500027       62.5285110    
   9.09999943       62.5285110    
   9.10499954       62.5285110    
   9.10999966       62.5285110    
   9.11499977       62.5285110    
   9.11999989       62.5285110    
   9.12500000       62.5285110    
   9.13000011       62.5285110    
   9.13500023       62.5285110    
   9.13999939       62.5285110    
   9.14499950       62.5285110    
   9.14999962       62.5285110    
   9.15499973       62.5285110    
   9.15999985       62.5285110    
   9.16499996       62.5285110    
   9.17000008       62.5285110    
   9.17500019       62.5285110    
   9.17999935       62.5285110    
   9.18499947       62.5285110    
   9.18999958       62.5285110    
   9.19499969       62.5285110    
   9.19999981       62.5285110    
   9.20499992       62.5285110    
   9.21000004       62.5285110    
   9.21500015       62.5285110    
   9.22000027       62.5285110    
   9.22499943       62.5285110    
   9.22999954       62.5285110    
   9.23499966       62.5285110    
   9.23999977       62.5285110    
   9.24499989       62.5285110    
   9.25000000       62.5285110    
   9.25500011       62.5285110    
   9.26000023       62.5285110    
   9.26499939       62.5285110    
   9.26999950       62.5285110    
   9.27499962       62.5285110    
   9.27999973       62.5285110    
   9.28499985       62.5285110    
   9.28999996       62.5285110    
   9.29500008       62.5285110    
   9.30000019       62.5285110    
   9.30499935       62.5285110    
   9.30999947       62.5285110    
   9.31499958       62.5285110    
   9.31999969       62.5285110    
   9.32499981       62.5285110    
   9.32999992       62.5285110    
   9.33500004       62.5285110    
   9.34000015       62.5285110    
   9.34500027       62.5285110    
   9.34999943       62.5285110    
   9.35499954       62.5285110    
   9.35999966       62.5285110    
   9.36499977       62.5285110    
   9.36999989       62.5285110    
   9.37500000       62.5285110    
   9.38000011       62.5285110    
   9.38500023       62.5285110    
   9.38999939       62.5285110    
   9.39499950       62.5285110    
   9.39999962       62.5285110    
   9.40499973       62.5285110    
   9.40999985       62.5285110    
   9.41499996       62.5285110    
   9.42000008       62.5285110    
   9.42500019       62.5285110    
   9.42999935       62.5285110    
   9.43499947       62.5285110    
   9.43999958       62.5285110    
   9.44499969       62.5285110    
   9.44999981       62.5285110    
   9.45499992       62.5285110    
   9.46000004       62.5285110    
   9.46500015       62.5285110    
   9.46999931       62.5285110    
   9.47499943       62.5285110    
   9.47999954       62.5285110    
   9.48499966       62.5285110    
   9.48999977       62.5285110    
   9.49499989       62.5285110    
   9.50000000       62.5285110    
   9.50500011       62.5285110    
   9.51000023       62.5285110    
   9.51499939       62.5285110    
   9.51999950       62.5285110    
   9.52499962       62.5285110    
   9.52999973       62.5285110    
   9.53499985       62.5285110    
   9.53999996       62.5285110    
   9.54500008       62.5285110    
   9.55000019       62.5285110    
   9.55499935       62.5285110    
   9.55999947       62.5285110    
   9.56499958       62.5285110    
   9.56999969       62.5285110    
   9.57499981       62.5285110    
   9.57999992       62.5285110    
   9.58500004       62.5285110    
   9.59000015       62.5285110    
   9.59499931       62.5285110    
   9.59999943       62.5285110    
   9.60499954       62.5285110    
   9.60999966       62.5285110    
   9.61499977       62.5285110    
   9.61999989       62.5285110    
   9.62500000       62.5285110    
   9.63000011       62.5285110    
   9.63500023       62.5285110    
   9.63999939       62.5285110    
   9.64499950       62.5285110    
   9.64999962       62.5285110    
   9.65499973       62.5285110    
   9.65999985       62.5285110    
   9.66499996       62.5285110    
   9.67000008       62.5285110    
   9.67500019       62.5285110    
   9.67999935       62.5285110    
   9.68499947       62.5285110    
   9.68999958       62.5285110    
   9.69499969       62.5285110    
   9.69999981       62.4972649    
   9.70499992       62.4974213    
   9.71000004       62.4977379    
   9.71500015       62.4982071    
   9.71999931       62.4988174    
   9.72499943       62.4995728    
   9.72999954       62.5004654    
   9.73499966       62.5014610    
   9.73999977       62.5025902    
   9.74499989       62.5038033    
   9.75000000       62.5051308    
   9.75500011       62.5065002    
   9.76000023       62.5079422    
   9.76499939       62.5094604    
   9.76999950       62.5109978    
   9.77499962       62.5125618    
   9.77999973       62.5141258    
   9.78499985       62.5157013    
   9.78999996       62.5172348    
   9.79500008       62.5187454    
   9.80000019       62.5201683    
   9.80499935       62.5215492    
   9.80999947       62.5228195    
   9.81499958       62.5239944    
   9.81999969       62.5250206    
   9.82499981       62.5259361    
   9.82999992       62.5267601    
   9.83500004       62.5273933    
   9.84000015       62.5278969    
   9.84499931       62.5282898    
   9.84999943       62.5285492    
   9.85499954       62.5285950    
   9.85999966       62.5284958    
   9.86499977       62.5282707    
   9.86999989       62.5278816    
   9.87500000       62.5273399    
   9.88000011       62.5266113    
   9.88500023       62.5258179    
   9.88999939       62.5248528    
   9.89499950       62.5237885    
   9.89999962       62.5225830    
   9.90499973       62.5212784    
   9.90999985       62.5199394    
   9.91499996       62.5184784    
   9.92000008       62.5169983    
   9.92500019       62.5155067    
   9.92999935       62.5139809    
   9.93499947       62.5124168    
   9.93999958       62.5108910    
   9.94499969       62.5093613    
   9.94999981       62.5078506    
   9.95499992       62.5064316    
   9.96000004       62.5050621    
   9.96500015       62.5037422    
   9.96999931       62.5025101    
   9.97499943       62.5013962    
   9.97999954       62.5004005    
   9.98499966       62.4995499    
   9.98999977       62.4988327    
   9.99499989       62.4982491    
   10.0000000       62.4978104    
