   4.99999989E-03   149.990540    
   9.99999978E-03   149.990524    
   1.49999997E-02   149.990524    
   1.99999996E-02   149.990524    
   2.49999985E-02   149.990509    
   2.99999993E-02   149.990509    
   3.50000001E-02   149.990524    
   3.99999991E-02   149.990524    
   4.49999981E-02   149.990524    
   4.99999970E-02   149.990524    
   5.49999997E-02   149.990524    
   5.99999987E-02   149.990524    
   6.49999976E-02   149.990524    
   7.00000003E-02   149.990524    
   7.49999955E-02   149.990524    
   7.99999982E-02   149.990524    
   8.50000009E-02   149.990524    
   8.99999961E-02   149.990524    
   9.49999988E-02   149.990524    
   9.99999940E-02   149.990540    
  0.104999997       149.990540    
  0.109999999       149.990540    
  0.114999995       149.990540    
  0.119999997       149.990540    
  0.125000000       149.990524    
  0.129999995       149.990509    
  0.134999990       149.990509    
  0.140000001       149.990524    
  0.144999996       149.990524    
  0.149999991       149.990540    
  0.155000001       149.990540    
  0.159999996       149.990540    
  0.164999992       149.990555    
  0.170000002       149.990555    
  0.174999997       149.990570    
  0.179999992       149.990570    
  0.185000002       149.990585    
  0.189999998       149.990585    
  0.194999993       149.990585    
  0.199999988       149.990585    
  0.204999998       149.990601    
  0.209999993       149.990601    
  0.214999989       149.989227    
  0.219999999       149.989258    
  0.224999994       149.989349    
  0.229999989       149.989517    
  0.234999999       149.989731    
  0.239999995       149.989990    
  0.244999990       149.990326    
  0.250000000       149.990707    
  0.254999995       149.991150    
  0.259999990       149.991638    
  0.264999986       149.992142    
  0.269999981       149.992691    
  0.275000006       149.993271    
  0.280000001       149.993881    
  0.284999996       149.994476    
  0.289999992       149.995102    
  0.294999987       149.995728    
  0.299999982       149.996353    
  0.305000007       149.996964    
  0.310000002       149.997559    
  0.314999998       149.998138    
  0.319999993       149.998688    
  0.324999988       149.999237    
  0.329999983       149.999695    
  0.334999979       150.000168    
  0.340000004       150.000595    
  0.344999999       150.000946    
  0.349999994       150.001251    
  0.354999989       150.001511    
  0.359999985       150.001724    
  0.364999980       150.001816    
  0.370000005       150.001846    
  0.375000000       150.001846    
  0.379999995       150.001785    
  0.384999990       150.001648    
  0.389999986       150.001419    
  0.394999981       150.001190    
  0.399999976       150.000900    
  0.405000001       150.000534    
  0.409999996       150.000107    
  0.414999992       149.999619    
  0.419999987       149.999100    
  0.424999982       149.998550    
  0.429999977       149.997986    
  0.435000002       149.997406    
  0.439999998       149.996796    
  0.444999993       149.996170    
  0.449999988       149.995560    
  0.454999983       149.994919    
  0.459999979       149.994278    
  0.465000004       149.993668    
  0.469999999       149.993073    
  0.474999994       149.992508    
  0.479999989       149.991974    
  0.484999985       149.991455    
  0.489999980       149.990982    
  0.494999975       149.990555    
  0.500000000       149.990173    
  0.504999995       149.989853    
  0.509999990       149.989578    
  0.514999986       149.989365    
  0.519999981       149.989227    
  0.524999976       149.989151    
  0.529999971       149.997284    
  0.534999967       149.997284    
  0.539999962       149.997284    
  0.545000017       149.997284    
  0.550000012       149.997284    
  0.555000007       149.997284    
  0.560000002       149.997284    
  0.564999998       149.997284    
  0.569999993       149.997284    
  0.574999988       149.997284    
  0.579999983       149.997299    
  0.584999979       149.997284    
  0.589999974       149.997284    
  0.594999969       149.997284    
  0.599999964       149.997284    
  0.604999959       149.997284    
  0.610000014       149.997284    
  0.615000010       149.997284    
  0.620000005       149.997284    
  0.625000000       149.997284    
  0.629999995       149.997284    
  0.634999990       149.997284    
  0.639999986       149.997284    
  0.644999981       149.997284    
  0.649999976       149.997299    
  0.654999971       149.997299    
  0.659999967       149.997299    
  0.664999962       149.997299    
  0.669999957       149.997299    
  0.675000012       149.969086    
  0.680000007       149.969208    
  0.685000002       149.969498    
  0.689999998       149.969940    
  0.694999993       149.970520    
  0.699999988       149.971237    
  0.704999983       149.972107    
  0.709999979       149.973083    
  0.714999974       149.974182    
  0.719999969       149.975403    
  0.724999964       149.976685    
  0.729999959       149.978073    
  0.734999955       149.979507    
  0.740000010       149.981003    
  0.745000005       149.982529    
  0.750000000       149.984085    
  0.754999995       149.985641    
  0.759999990       149.987198    
  0.764999986       149.988739    
  0.769999981       149.990219    
  0.774999976       149.991638    
  0.779999971       149.992996    
  0.784999967       149.994263    
  0.789999962       149.995438    
  0.794999957       149.996506    
  0.799999952       149.997467    
  0.805000007       149.998291    
  0.810000002       149.998993    
  0.814999998       149.999527    
  0.819999993       149.999939    
  0.824999988       150.000183    
  0.829999983       150.000275    
  0.834999979       150.000214    
  0.839999974       150.000000    
  0.844999969       149.999619    
  0.849999964       149.999100    
  0.854999959       149.998413    
  0.859999955       149.997604    
  0.865000010       149.995972    
  0.870000005       149.995361    
  0.875000000       149.994614    
  0.879999995       149.993729    
  0.884999990       149.992752    
  0.889999986       149.991699    
  0.894999981       149.990570    
  0.899999976       149.989380    
  0.904999971       149.988174    
  0.909999967       149.986954    
  0.914999962       149.985733    
  0.919999957       149.976913    
  0.924999952       149.976059    
  0.930000007       149.975357    
  0.935000002       149.974823    
  0.939999998       149.974472    
  0.944999993       149.974304    
  0.949999988       149.974289    
  0.954999983       149.974487    
  0.959999979       149.974869    
  0.964999974       149.975433    
  0.969999969       149.976181    
  0.974999964       149.977173    
  0.979999959       149.978317    
  0.984999955       149.979630    
  0.989999950       150.012268    
  0.995000005       150.013718    
   1.00000000       150.015182    
   1.00500000       150.016556    
   1.00999999       150.017883    
   1.01499999       150.019165    
   1.01999998       150.020401    
   1.02499998       150.021515    
   1.02999997       150.022522    
   1.03499997       150.023468    
   1.03999996       150.024323    
   1.04499996       150.025040    
   1.04999995       150.025543    
   1.05499995       150.025940    
   1.05999994       150.026276    
   1.06499994       150.026428    
   1.06999993       150.026398    
   1.07499993       150.026230    
   1.07999992       150.025955    
   1.08499992       150.010117    
   1.09000003       150.009674    
   1.09500003       150.009140    
   1.10000002       150.008560    
   1.10500002       150.007980    
   1.11000001       150.007401    
   1.11500001       150.006790    
   1.12000000       150.006210    
   1.12500000       150.005554    
   1.13000000       150.004913    
   1.13499999       150.004288    
   1.13999999       150.003708    
   1.14499998       150.003143    
   1.14999998       150.002640    
   1.15499997       150.002167    
   1.15999997       150.001740    
   1.16499996       150.001358    
   1.16999996       150.000992    
   1.17499995       150.000687    
   1.17999995       150.004456    
   1.18499994       150.004211    
   1.18999994       150.004044    
   1.19499993       150.003845    
   1.19999993       150.003708    
   1.20499992       150.003632    
   1.20999992       150.003540    
   1.21499991       150.003510    
   1.22000003       150.003494    
   1.22500002       150.003555    
   1.23000002       150.003662    
   1.23500001       150.023117    
   1.24000001       150.023209    
   1.24500000       150.023178    
   1.25000000       150.023041    
   1.25500000       150.022797    
   1.25999999       150.022507    
   1.26499999       150.022110    
   1.26999998       150.021606    
   1.27499998       150.021072    
   1.27999997       150.020447    
   1.28499997       150.019791    
   1.28999996       150.019058    
   1.29499996       150.018219    
   1.29999995       150.017395    
   1.30499995       150.016541    
   1.30999994       150.015610    
   1.31499994       150.014664    
   1.31999993       150.013748    
   1.32499993       150.012833    
   1.32999992       150.011902    
   1.33499992       150.011002    
   1.33999991       150.010117    
   1.34500003       150.009277    
   1.35000002       150.008484    
   1.35500002       150.007736    
   1.36000001       150.007065    
   1.36500001       150.006454    
   1.37000000       150.005920    
   1.37500000       150.005447    
   1.38000000       150.005081    
   1.38499999       150.004791    
   1.38999999       150.004593    
   1.39499998       150.004486    
   1.39999998       150.023117    
   1.40499997       150.023117    
   1.40999997       150.023117    
   1.41499996       150.023132    
   1.41999996       150.023132    
   1.42499995       150.023148    
   1.42999995       150.023148    
   1.43499994       150.023148    
   1.43999994       150.023148    
   1.44499993       150.023148    
   1.44999993       150.023163    
   1.45499992       150.023163    
   1.45999992       150.023163    
   1.46499991       150.023163    
   1.46999991       150.023148    
   1.47500002       150.023148    
   1.48000002       150.023148    
   1.48500001       150.023132    
   1.49000001       150.023132    
   1.49500000       150.023132    
   1.50000000       150.023132    
   1.50500000       150.023148    
   1.50999999       150.023148    
   1.51499999       150.023148    
   1.51999998       150.023148    
   1.52499998       150.023148    
   1.52999997       150.023148    
   1.53499997       150.023148    
   1.53999996       150.023132    
   1.54499996       150.023132    
   1.54999995       150.023132    
   1.55499995       150.023132    
   1.55999994       150.023148    
   1.56499994       150.023148    
   1.56999993       150.023148    
   1.57499993       150.023148    
   1.57999992       150.023148    
   1.58499992       150.023132    
   1.58999991       150.023132    
   1.59499991       150.023148    
   1.59999990       150.023148    
   1.60500002       150.023148    
   1.61000001       150.023148    
   1.61500001       150.023148    
   1.62000000       150.023148    
   1.62500000       150.023148    
   1.63000000       150.023163    
   1.63499999       150.023163    
   1.63999999       150.023163    
   1.64499998       150.023178    
   1.64999998       150.023163    
   1.65499997       150.023163    
   1.65999997       150.023163    
   1.66499996       150.023163    
   1.66999996       150.023163    
   1.67499995       150.023163    
   1.67999995       150.023163    
   1.68499994       150.023163    
   1.68999994       150.023163    
   1.69499993       150.023163    
   1.69999993       150.023163    
   1.70499992       150.023163    
   1.70999992       150.023163    
   1.71499991       150.023163    
   1.71999991       150.023148    
   1.72499990       150.023148    
   1.73000002       150.023163    
   1.73500001       150.023148    
   1.74000001       150.023148    
   1.74500000       150.023163    
   1.75000000       150.023163    
   1.75500000       150.023163    
   1.75999999       150.023163    
   1.76499999       150.023163    
   1.76999998       150.023163    
   1.77499998       150.023163    
   1.77999997       150.023163    
   1.78499997       150.023163    
   1.78999996       150.023163    
   1.79499996       150.023163    
   1.79999995       150.023163    
   1.80499995       150.023163    
   1.80999994       150.023163    
   1.81499994       150.023163    
   1.81999993       150.023163    
   1.82499993       150.023163    
   1.82999992       150.023163    
   1.83499992       150.023163    
   1.83999991       150.023163    
   1.84499991       150.023163    
   1.84999990       150.023163    
   1.85499990       150.023178    
   1.86000001       150.023178    
   1.86500001       150.023178    
   1.87000000       150.023163    
   1.87500000       150.023163    
   1.88000000       150.023178    
   1.88499999       150.023178    
   1.88999999       150.023178    
   1.89499998       150.023163    
   1.89999998       150.023163    
   1.90499997       150.023163    
   1.90999997       150.023163    
   1.91499996       150.023178    
   1.91999996       150.023178    
   1.92499995       150.023178    
   1.92999995       150.023163    
   1.93499994       150.023163    
   1.93999994       150.023178    
   1.94499993       150.023178    
   1.94999993       150.023178    
   1.95499992       150.023163    
   1.95999992       150.023163    
   1.96499991       150.023178    
   1.96999991       150.023178    
   1.97499990       150.023178    
   1.97999990       150.023178    
   1.98500001       150.023178    
   1.99000001       149.991974    
   1.99500000       149.992111    
   2.00000000       149.992432    
   2.00499988       149.992889    
   2.00999999       149.993500    
   2.01499987       149.994232    
   2.01999998       149.995102    
   2.02499986       149.996109    
   2.02999997       149.997223    
   2.03499985       149.998428    
   2.03999996       149.999741    
   2.04499984       150.001129    
   2.04999995       150.002594    
   2.05500007       150.004120    
   2.05999994       150.005646    
   2.06500006       150.007187    
   2.06999993       150.008774    
   2.07500005       150.010284    
   2.07999992       150.011810    
   2.08500004       150.013245    
   2.08999991       150.014664    
   2.09500003       150.016037    
   2.09999990       150.017303    
   2.10500002       150.018478    
   2.10999990       150.010544    
   2.11500001       150.011581    
   2.11999989       150.012543    
   2.12500000       150.013397    
   2.12999988       150.014145    
   2.13499999       150.014786    
   2.13999987       150.015411    
   2.14499998       150.015869    
   2.14999986       150.016190    
   2.15499997       150.016434    
   2.15999985       150.016556    
   2.16499996       150.016541    
   2.16999984       150.016403    
   2.17499995       150.016159    
   2.18000007       150.015793    
   2.18499994       150.015305    
   2.19000006       150.014740    
   2.19499993       150.014053    
   2.20000005       150.013290    
   2.20499992       150.012497    
   2.21000004       150.011566    
   2.21499991       150.010544    
   2.22000003       150.009491    
   2.22499990       150.008377    
   2.23000002       150.007233    
   2.23499990       150.006088    
   2.24000001       150.004898    
   2.24499989       150.003723    
   2.25000000       150.002563    
   2.25499988       150.001389    
   2.25999999       150.000244    
   2.26499987       149.999161    
   2.26999998       149.998123    
   2.27499986       149.997147    
   2.27999997       149.996262    
   2.28499985       149.995438    
   2.28999996       149.994705    
   2.29499984       149.994080    
   2.29999995       149.993546    
   2.30500007       150.021118    
   2.30999994       150.020630    
   2.31500006       150.020111    
   2.31999993       150.019547    
   2.32500005       150.018967    
   2.32999992       150.018372    
   2.33500004       150.017746    
   2.33999991       150.017120    
   2.34500003       150.016495    
   2.34999990       149.999496    
   2.35500002       149.998810    
   2.35999990       149.998306    
   2.36500001       149.998016    
   2.36999989       149.997910    
   2.37500000       149.998001    
   2.37999988       149.998276    
   2.38499999       149.998749    
   2.38999987       149.999374    
   2.39499998       150.000168    
   2.39999986       150.001083    
   2.40499997       150.002136    
   2.40999985       150.003311    
   2.41499996       150.004578    
   2.41999984       150.005920    
   2.42499995       150.009781    
   2.42999983       150.011169    
   2.43499994       150.012527    
   2.44000006       150.013855    
   2.44499993       150.015137    
   2.45000005       150.016342    
   2.45499992       150.017487    
   2.46000004       150.018539    
   2.46499991       150.019516    
   2.47000003       150.020386    
   2.47499990       150.021149    
   2.48000002       150.021805    
   2.48499990       150.022324    
   2.49000001       150.022720    
   2.49499989       150.023010    
   2.50000000       150.023148    
   2.50499988       150.023163    
   2.50999999       150.023056    
   2.51499987       150.022812    
   2.51999998       150.022446    
   2.52499986       150.021942    
   2.52999997       150.021332    
   2.53499985       150.020615    
   2.53999996       150.019791    
   2.54499984       150.018875    
   2.54999995       150.017868    
   2.55499983       150.016785    
   2.55999994       150.015640    
   2.56500006       150.014435    
   2.56999993       150.013184    
   2.57500005       150.011917    
   2.57999992       150.010620    
   2.58500004       150.009323    
   2.58999991       150.008041    
   2.59500003       150.006760    
   2.59999990       150.005539    
   2.60500002       150.004349    
   2.60999990       150.003220    
   2.61500001       150.002151    
   2.61999989       150.001144    
   2.62500000       150.000259    
   2.62999988       149.999451    
   2.63499999       149.998764    
   2.63999987       149.998169    
   2.64499998       149.997696    
   2.64999986       149.997330    
   2.65499997       149.997101    
   2.65999985       149.997009    
   2.66499996       149.999634    
   2.66999984       149.999649    
   2.67499995       149.999664    
   2.67999983       149.999664    
   2.68499994       149.999664    
   2.69000006       149.994934    
   2.69499993       149.994980    
   2.70000005       149.995117    
   2.70499992       149.995346    
   2.71000004       149.995682    
   2.71499991       149.996094    
   2.72000003       149.996597    
   2.72499990       149.997177    
   2.73000002       149.997818    
   2.73499990       149.998520    
   2.74000001       149.999298    
   2.74499989       150.000122    
   2.75000000       150.001007    
   2.75499988       150.001907    
   2.75999999       150.002838    
   2.76499987       150.003784    
   2.76999998       150.004745    
   2.77499986       150.005707    
   2.77999997       150.006653    
   2.78499985       150.007584    
   2.78999996       150.008484    
   2.79499984       150.009369    
   2.79999995       150.010193    
   2.80499983       150.010956    
   2.80999994       150.011688    
   2.81499982       150.012344    
   2.81999993       150.012924    
   2.82500005       150.013428    
   2.82999992       150.013840    
   2.83500004       150.014175    
   2.83999991       150.014404    
   2.84500003       150.014511    
   2.84999990       150.014481    
   2.85500002       150.014313    
   2.85999990       150.013992    
   2.86500001       150.013489    
   2.86999989       150.012741    
   2.87500000       150.011688    
   2.87999988       150.010254    
   2.88499999       150.008301    
   2.88999987       150.005646    
   2.89499998       150.002014    
   2.89999986       149.997040    
   2.90499997       149.990189    
   2.90999985       149.980667    
   2.91499996       149.967453    
   2.91999984       149.949066    
   2.92499995       149.923615    
   2.92999983       149.888748    
   2.93499994       149.841858    
   2.93999982       149.780701    
   2.94499993       149.704819    
   2.95000005       149.617920    
   2.95499992       149.531418    
   2.96000004       149.467621    
   2.96499991       149.459244    
   2.97000003       149.540634    
   2.97499990       149.729187    
   2.98000002       150.006271    
   2.98499990       150.314987    
   2.99000001       150.584518    
   2.99499989       150.765289    
   3.00000000       150.847275    
   3.00499988       150.879333    
   3.00999999       150.881149    
   3.01499987       150.883499    
   3.01999998       150.885391    
   3.02499986       150.886597    
   3.02999997       150.887253    
   3.03499985       150.887558    
   3.03999996       150.887680    
   3.04499984       150.887756    
   3.04999995       150.887817    
   3.05499983       150.887924    
   3.05999994       150.888107    
   3.06499982       150.888367    
   3.06999993       150.888641    
   3.07500005       150.888794    
   3.07999992       150.888214    
   3.08500004       150.885239    
   3.08999991       150.875076    
   3.09500003       150.844147    
   3.09999990       150.754868    
   3.10500002       150.518921    
   3.10999990       150.079834    
   3.11500001       150.311615    
   3.11999989       152.189392    
   3.12500000       150.648270    
   3.12999988       149.999054    
   3.13499999       150.435394    
   3.13999987       150.716324    
   3.14499998       150.826553    
   3.14999986       150.865173    
   3.15499997       150.877975    
   3.15999985       150.881805    
   3.16499996       150.882584    
   3.16999984       150.882401    
   3.17499995       150.881989    
   3.17999983       150.881577    
   3.18499994       150.881226    
   3.18999982       150.880981    
   3.19499993       150.880783    
   3.19999981       150.880646    
   3.20499992       150.880524    
   3.21000004       150.880432    
   3.21499991       150.880386    
   3.22000003       150.880325    
   3.22499990       150.880295    
   3.23000002       150.880280    
   3.23499990       150.880249    
   3.24000001       150.880219    
   3.24499989       150.880203    
   3.25000000       150.880203    
   3.25499988       150.880203    
   3.25999999       150.880203    
   3.26499987       150.880188    
   3.26999998       150.880173    
   3.27499986       150.880157    
   3.27999997       150.880142    
   3.28499985       150.880127    
   3.28999996       150.880127    
   3.29499984       150.880127    
   3.29999995       150.880127    
   3.30499983       150.862106    
   3.30999994       150.862320    
   3.31499982       150.862671    
   3.31999993       150.863174    
   3.32499981       150.863815    
   3.32999992       150.864609    
   3.33500004       150.865540    
   3.33999991       150.866592    
   3.34500003       150.867767    
   3.34999990       150.869019    
   3.35500002       150.870361    
   3.35999990       150.871780    
   3.36500001       150.873260    
   3.36999989       150.874786    
   3.37500000       150.876328    
   3.37999988       150.877884    
   3.38499999       150.879440    
   3.38999987       150.880981    
   3.39499998       150.882507    
   3.39999986       150.883972    
   3.40499997       150.885361    
   3.40999985       150.886688    
   3.41499996       150.887924    
   3.41999984       150.889038    
   3.42499995       150.890045    
   3.42999983       150.888214    
   3.43499994       150.888992    
   3.43999982       150.889648    
   3.44499993       150.890182    
   3.44999981       150.890549    
   3.45499992       150.890793    
   3.46000004       150.890884    
   3.46499991       150.890839    
   3.47000003       150.890640    
   3.47499990       150.890305    
   3.48000002       150.889832    
   3.48499990       150.889221    
   3.49000001       150.888474    
   3.49499989       150.887634    
   3.50000000       150.886658    
   3.50499988       150.885590    
   3.50999999       150.884415    
   3.51499987       150.883163    
   3.51999998       150.881851    
   3.52499986       150.880478    
   3.52999997       150.879059    
   3.53499985       150.877625    
   3.53999996       150.876175    
   3.54499984       150.874725    
   3.54999995       150.873291    
   3.55499983       150.871887    
   3.55999994       150.870529    
   3.56499982       150.869247    
   3.56999993       150.868011    
   3.57499981       150.866867    
   3.57999992       150.865829    
   3.58500004       150.864899    
   3.58999991       150.826691    
   3.59500003       150.826248    
   3.59999990       150.826172    
   3.60500002       150.826431    
   3.60999990       150.827057    
   3.61500001       150.828018    
   3.61999989       150.829269    
   3.62500000       150.830627    
   3.62999988       150.832138    
   3.63499999       150.833786    
   3.63999987       150.835541    
   3.64499998       150.837418    
   3.64999986       150.839371    
   3.65499997       150.841385    
   3.65999985       150.843414    
   3.66499996       150.845444    
   3.66999984       150.847504    
   3.67499995       150.849548    
   3.67999983       150.851547    
   3.68499994       150.853470    
   3.68999982       150.855347    
   3.69499993       150.857101    
   3.69999981       150.858734    
   3.70499992       150.860291    
   3.70999980       150.861679    
   3.71499991       150.862930    
   3.72000003       150.863983    
   3.72499990       150.864853    
   3.73000002       150.865524    
   3.73499990       150.865997    
   3.74000001       150.866257    
   3.74499989       150.868668    
   3.75000000       150.868484    
   3.75499988       150.868103    
   3.75999999       150.867538    
   3.76499987       150.866699    
   3.76999998       150.865662    
   3.77499986       150.864456    
   3.77999997       150.863007    
   3.78499985       150.861450    
   3.78999996       150.859756    
   3.79499984       150.857895    
   3.79999995       150.855942    
   3.80499983       150.853882    
   3.80999994       150.851761    
   3.81499982       150.849579    
   3.81999993       150.847397    
   3.82499981       150.845139    
   3.82999992       150.842911    
   3.83499980       150.840729    
   3.83999991       150.838623    
   3.84500003       150.836563    
   3.84999990       150.834641    
   3.85500002       150.832840    
   3.85999990       150.831146    
   3.86500001       150.829636    
   3.86999989       150.828262    
   3.87500000       150.827072    
   3.87999988       150.826096    
   3.88499999       150.825302    
   3.88999987       150.824722    
   3.89499998       150.824371    
   3.89999986       150.824234    
   3.90499997       150.843948    
   3.90999985       150.843948    
   3.91499996       150.843948    
   3.91999984       150.843948    
   3.92499995       150.843948    
   3.92999983       150.843948    
   3.93499994       150.843933    
   3.93999982       150.843933    
   3.94499993       150.843933    
   3.94999981       150.843933    
   3.95499992       150.843918    
   3.95999980       150.843918    
   3.96499991       150.843918    
   3.97000003       150.843903    
   3.97499990       150.843903    
   3.98000002       150.843887    
   3.98499990       150.843872    
   3.99000001       150.843872    
   3.99499989       150.843857    
   4.00000000       150.843842    
   4.00500011       150.843842    
   4.00999975       150.843857    
   4.01499987       150.843872    
   4.01999998       150.843887    
   4.02500010       150.843887    
   4.02999973       150.843887    
   4.03499985       150.843872    
   4.03999996       150.843872    
   4.04500008       150.843887    
   4.04999971       150.843887    
   4.05499983       150.843872    
   4.05999994       150.843887    
   4.06500006       150.843903    
   4.06999969       150.843918    
   4.07499981       150.843933    
   4.07999992       150.843933    
   4.08500004       150.843933    
   4.08999968       150.843933    
   4.09499979       150.843948    
   4.09999990       150.843948    
   4.10500002       150.843948    
   4.11000013       150.843964    
   4.11499977       150.843979    
   4.11999989       150.843994    
   4.12500000       150.844025    
   4.13000011       150.844101    
   4.13499975       150.844208    
   4.13999987       150.844391    
   4.14499998       150.844650    
   4.15000010       150.845093    
   4.15499973       150.845840    
   4.15999985       150.847046    
   4.16499996       150.848846    
   4.17000008       150.850815    
   4.17499971       150.848495    
   4.17999983       150.815613    
   4.18499994       150.603806    
   4.19000006       149.398590    
   4.19499969       144.962524    
   4.19999981       161.165222    
   4.20499992       141.854935    
   4.21000004       145.782257    
   4.21499968       147.495773    
   4.21999979       147.817490    
   4.22499990       147.871201    
   4.23000002       147.877274    
   4.23500013       147.875824    
   4.23999977       147.873932    
   4.24499989       147.872589    
   4.25000000       147.871765    
   4.25500011       147.871262    
   4.25999975       147.870972    
   4.26499987       147.870789    
   4.26999998       147.870667    
   4.27500010       147.870590    
   4.27999973       147.870544    
   4.28499985       147.870529    
   4.28999996       147.870514    
   4.29500008       147.870499    
   4.29999971       147.870499    
   4.30499983       147.870499    
   4.30999994       147.870499    
   4.31500006       147.870499    
   4.31999969       147.870499    
   4.32499981       147.870483    
   4.32999992       147.870483    
   4.33500004       147.870483    
   4.33999968       147.870468    
   4.34499979       147.870483    
   4.34999990       147.870483    
   4.35500002       147.858765    
   4.36000013       147.858826    
   4.36499977       147.858963    
   4.36999989       147.859192    
   4.37500000       147.859482    
   4.38000011       147.859848    
   4.38499975       147.860291    
   4.38999987       147.860809    
   4.39499998       147.861389    
   4.40000010       147.862015    
   4.40499973       147.862686    
   4.40999985       147.863419    
   4.41499996       147.864182    
   4.42000008       147.864960    
   4.42499971       147.865768    
   4.42999983       147.866592    
   4.43499994       147.867401    
   4.44000006       147.868225    
   4.44499969       147.869019    
   4.44999981       147.869797    
   4.45499992       147.870560    
   4.46000004       147.871277    
   4.46499968       147.871948    
   4.46999979       147.872559    
   4.47499990       147.873123    
   4.48000002       147.873642    
   4.48500013       147.861893    
   4.48999977       147.862320    
   4.49499989       147.862732    
   4.50000000       147.863129    
   4.50500011       147.863495    
   4.50999975       147.863861    
   4.51499987       147.864166    
   4.51999998       147.864456    
   4.52500010       147.864716    
   4.52999973       147.864929    
   4.53499985       147.865082    
   4.53999996       147.865219    
   4.54500008       147.865295    
   4.54999971       147.865326    
   4.55499983       147.865326    
   4.55999994       147.865265    
   4.56500006       147.865173    
   4.56999969       147.865051    
   4.57499981       147.864853    
   4.57999992       147.864624    
   4.58500004       147.864349    
   4.58999968       147.864044    
   4.59499979       147.863739    
   4.59999990       147.863403    
   4.60500002       147.863007    
   4.61000013       147.862595    
   4.61499977       147.862152    
   4.61999989       147.861740    
   4.62500000       147.861282    
   4.63000011       147.860809    
   4.63499975       147.860382    
   4.63999987       147.859955    
   4.64499998       147.859543    
   4.65000010       147.859116    
   4.65499973       147.858704    
   4.65999985       147.858337    
   4.66499996       147.858002    
   4.67000008       147.873398    
   4.67499971       147.873047    
   4.67999983       147.872589    
   4.68499994       147.872101    
   4.69000006       147.871582    
   4.69499969       147.871033    
   4.69999981       147.870453    
   4.70499992       147.869858    
   4.71000004       147.869232    
   4.71499968       147.868637    
   4.71999979       147.868011    
   4.72499990       147.867371    
   4.73000002       147.866730    
   4.73499966       147.866089    
   4.73999977       147.865448    
   4.74499989       147.864838    
   4.75000000       147.864258    
   4.75500011       147.863663    
   4.75999975       147.863098    
   4.76499987       147.862534    
   4.76999998       147.861984    
   4.77500010       147.861435    
   4.77999973       147.860886    
   4.78499985       147.860291    
   4.78999996       147.859665    
   4.79500008       147.858948    
   4.79999971       147.869324    
   4.80499983       147.869339    
   4.80999994       147.869370    
   4.81500006       147.869415    
   4.81999969       147.869461    
   4.82499981       147.869537    
   4.82999992       147.869644    
   4.83500004       147.869812    
   4.83999968       147.866974    
   4.84499979       147.867874    
   4.84999990       147.869171    
   4.85500002       147.870987    
   4.85999966       147.873428    
   4.86499977       147.867294    
   4.86999989       147.869049    
   4.87500000       147.862396    
   4.88000011       147.816711    
   4.88499975       147.604095    
   4.88999987       146.728561    
   4.89499998       144.530823    
   4.90000010       150.505356    
   4.90499973       145.260483    
   4.90999985       144.518112    
   4.91499996       146.264481    
   4.92000008       146.785004    
   4.92499971       146.907806    
   4.92999983       146.934158    
   4.93499994       146.938110    
   4.94000006       146.937378    
   4.94499969       146.936157    
   4.94999981       146.935303    
   4.95499992       146.934845    
   4.96000004       146.934708    
   4.96499968       146.922592    
   4.96999979       146.935928    
   4.97499990       146.945862    
   4.98000002       146.953491    
   4.98499966       146.959473    
   4.98999977       146.964249    
   4.99499989       146.968231    
   5.00000000       146.971619    
   5.00500011       146.961075    
   5.00999975       146.963852    
   5.01499987       146.966431    
   5.01999998       146.968933    
   5.02500010       146.971344    
   5.02999973       146.973679    
   5.03499985       146.975967    
   5.03999996       146.978287    
   5.04500008       146.980499    
   5.04999971       146.982727    
   5.05499983       146.984894    
   5.05999994       146.986923    
   5.06500006       146.988922    
   5.06999969       146.990814    
   5.07499981       146.992599    
   5.07999992       146.994171    
   5.08500004       146.995651    
   5.08999968       146.997025    
   5.09499979       146.998154    
   5.09999990       146.999115    
   5.10500002       146.999954    
   5.10999966       147.000549    
   5.11499977       147.000916    
   5.11999989       147.001068    
   5.12500000       147.001022    
   5.13000011       147.000824    
   5.13499975       147.000458    
   5.13999987       146.999908    
   5.14499998       146.999146    
   5.15000010       146.998184    
   5.15499973       146.999100    
   5.15999985       146.997742    
   5.16499996       146.996307    
   5.17000008       146.994720    
   5.17499971       146.992920    
   5.17999983       146.998810    
   5.18499994       146.996750    
   5.19000006       146.994629    
   5.19499969       146.992340    
   5.19999981       146.989990    
   5.20499992       146.987625    
   5.21000004       146.985199    
   5.21499968       146.982803    
   5.21999979       146.980392    
   5.22499990       146.978027    
   5.23000002       146.975693    
   5.23499966       146.973450    
   5.23999977       146.971344    
   5.24499989       146.969315    
   5.25000000       146.967468    
   5.25500011       146.965775    
   5.25999975       146.964249    
   5.26499987       146.962906    
   5.26999998       146.961777    
   5.27500010       146.960861    
   5.27999973       146.991379    
   5.28499985       146.990875    
   5.28999996       146.990433    
   5.29500008       146.990051    
   5.29999971       146.989761    
   5.30499983       146.989548    
   5.30999994       146.989410    
   5.31500006       146.989365    
   5.31999969       146.995697    
   5.32499981       146.995697    
   5.32999992       146.995697    
   5.33500004       146.995697    
   5.33999968       146.995682    
   5.34499979       146.995682    
   5.34999990       146.995682    
   5.35500002       146.995682    
   5.35999966       146.995682    
   5.36499977       146.995697    
   5.36999989       146.995682    
   5.37500000       146.995682    
   5.38000011       146.995682    
   5.38499975       146.995682    
   5.38999987       146.995682    
   5.39499998       146.995667    
   5.40000010       146.995667    
   5.40499973       146.995667    
   5.40999985       146.995667    
   5.41499996       146.995651    
   5.42000008       146.995651    
   5.42499971       146.995651    
   5.42999983       146.995651    
   5.43499994       146.995651    
   5.44000006       146.995667    
   5.44499969       146.995667    
   5.44999981       146.995651    
   5.45499992       146.995651    
   5.46000004       146.995651    
   5.46499968       146.995651    
   5.46999979       146.995667    
   5.47499990       146.995682    
   5.48000002       146.995682    
   5.48499966       146.995682    
   5.48999977       146.995682    
   5.49499989       146.995682    
   5.50000000       146.995682    
   5.50500011       146.995682    
   5.50999975       146.995667    
   5.51499987       146.995667    
   5.51999998       146.995682    
   5.52500010       146.995667    
   5.52999973       146.995682    
   5.53499985       146.995682    
   5.53999996       146.995667    
   5.54500008       146.995651    
   5.54999971       146.995651    
   5.55499983       146.995651    
   5.55999994       146.995651    
   5.56500006       146.995636    
   5.56999969       146.995636    
   5.57499981       146.995636    
   5.57999992       146.995636    
   5.58500004       146.995651    
   5.58999968       146.995651    
   5.59499979       146.995651    
   5.59999990       146.995651    
   5.60500002       146.995651    
   5.60999966       146.995651    
   5.61499977       146.995651    
   5.61999989       146.995636    
   5.62500000       146.995636    
   5.62999964       146.995636    
   5.63499975       146.995636    
   5.63999987       146.995621    
   5.64499998       146.995621    
   5.65000010       146.995621    
   5.65499973       146.995621    
   5.65999985       146.995621    
   5.66499996       146.995621    
   5.67000008       146.995621    
   5.67499971       146.995621    
   5.67999983       146.995621    
   5.68499994       146.995636    
   5.69000006       146.995636    
   5.69499969       146.995651    
   5.69999981       146.995651    
   5.70499992       146.995667    
   5.71000004       146.995667    
   5.71499968       146.995682    
   5.71999979       146.995682    
   5.72499990       146.995682    
   5.73000002       146.995697    
   5.73499966       146.995697    
   5.73999977       146.995712    
   5.74499989       146.995728    
   5.75000000       146.995728    
   5.75499964       146.995743    
   5.75999975       146.995758    
   5.76499987       146.995758    
   5.76999998       146.995758    
   5.77500010       146.995758    
   5.77999973       146.995758    
   5.78499985       146.995743    
   5.78999996       146.995743    
   5.79500008       146.995743    
   5.79999971       146.995743    
   5.80499983       146.995743    
   5.80999994       146.995743    
   5.81500006       146.995743    
   5.81999969       146.995743    
   5.82499981       146.995743    
   5.82999992       146.995728    
   5.83500004       146.995728    
   5.83999968       146.995728    
   5.84499979       146.995743    
   5.84999990       146.995728    
   5.85500002       146.995728    
   5.85999966       146.995728    
   5.86499977       146.995743    
   5.86999989       146.995743    
   5.87500000       146.995743    
   5.87999964       146.995743    
   5.88499975       146.995758    
   5.88999987       146.995758    
   5.89499998       146.995758    
   5.90000010       146.995758    
   5.90499973       146.995773    
   5.90999985       146.995773    
   5.91499996       146.995758    
   5.92000008       146.995758    
   5.92499971       146.995758    
   5.92999983       146.995773    
   5.93499994       146.995773    
   5.94000006       146.995773    
   5.94499969       146.995773    
   5.94999981       146.995758    
   5.95499992       146.995773    
   5.96000004       146.995773    
   5.96499968       146.995773    
   5.96999979       146.995773    
   5.97499990       146.995773    
   5.98000002       146.995773    
   5.98499966       146.995773    
   5.98999977       146.995789    
   5.99499989       146.995789    
   6.00000000       146.995789    
   6.00499964       146.995789    
   6.00999975       146.995789    
   6.01499987       146.995789    
   6.01999998       146.995789    
   6.02500010       146.995789    
   6.02999973       146.995804    
   6.03499985       146.995804    
   6.03999996       146.995789    
   6.04500008       146.995789    
   6.04999971       146.995789    
   6.05499983       146.980637    
   6.05999994       146.980713    
   6.06500006       146.980865    
   6.06999969       146.981094    
   6.07499981       146.981400    
   6.07999992       146.981796    
   6.08500004       146.982254    
   6.08999968       146.982758    
   6.09499979       146.983337    
   6.09999990       146.983994    
   6.10500002       146.984665    
   6.10999966       146.985367    
   6.11499977       146.986130    
   6.11999989       146.986893    
   6.12500000       146.987671    
   6.12999964       146.988510    
   6.13499975       146.989319    
   6.13999987       146.990097    
   6.14499998       146.990921    
   6.15000010       146.991699    
   6.15499973       146.992432    
   6.15999985       146.993149    
   6.16499996       146.993790    
   6.17000008       146.994400    
   6.17499971       146.994980    
   6.17999983       146.995453    
   6.18499994       146.995880    
   6.19000006       146.996231    
   6.19499969       146.996521    
   6.19999981       146.996765    
   6.20499992       146.996887    
   6.21000004       146.996933    
   6.21499968       146.996918    
   6.21999979       146.996780    
   6.22499990       146.996597    
   6.23000002       146.996338    
   6.23499966       146.985458    
   6.23999977       146.986816    
   6.24499989       146.988190    
   6.25000000       146.989639    
   6.25499964       146.991180    
   6.25999975       146.992783    
   6.26499987       146.994415    
   6.26999998       146.996063    
   6.27500010       146.997772    
   6.27999973       146.999512    
   6.28499985       147.001282    
   6.28999996       147.003082    
   6.29500008       147.004852    
   6.29999971       147.006622    
   6.30499983       147.008408    
   6.30999994       147.010178    
   6.31500006       147.004089    
   6.31999969       147.005859    
   6.32499981       147.007645    
   6.32999992       147.009415    
   6.33500004       147.011185    
   6.33999968       147.012924    
   6.34499979       147.014633    
   6.34999990       147.016296    
   6.35500002       147.017899    
   6.35999966       147.019440    
   6.36499977       147.020889    
   6.36999989       147.038406    
   6.37500000       147.039581    
   6.37999964       147.040573    
   6.38499975       147.041367    
   6.38999987       147.041946    
   6.39499998       147.042328    
   6.39999962       147.042496    
   6.40499973       147.042480    
   6.40999985       147.042236    
   6.41499996       147.041809    
   6.42000008       147.041183    
   6.42499971       147.040390    
   6.42999983       147.039398    
   6.43499994       147.038269    
   6.44000006       147.036987    
   6.44499969       147.035583    
   6.44999981       147.034042    
   6.45499992       147.032410    
   6.46000004       147.030716    
   6.46499968       147.028946    
   6.46999979       147.027130    
   6.47499990       147.025314    
   6.48000002       147.023468    
   6.48499966       147.021652    
   6.48999977       147.019867    
   6.49499989       147.018158    
   6.50000000       147.016495    
   6.50499964       147.014923    
   6.50999975       147.013458    
   6.51499987       147.012115    
   6.51999998       147.010895    
   6.52499962       147.009811    
   6.52999973       147.008881    
   6.53499985       147.008102    
   6.53999996       147.007507    
   6.54500008       147.017776    
   6.54999971       147.017181    
   6.55499983       147.016586    
   6.55999994       147.016022    
   6.56500006       147.015457    
   6.56999969       147.014923    
   6.57499981       147.014420    
   6.57999992       147.013931    
   6.58500004       147.013489    
   6.58999968       147.013092    
   6.59499979       147.012726    
   6.59999990       147.012421    
   6.60500002       147.012161    
   6.60999966       147.011963    
   6.61499977       147.011810    
   6.61999989       147.011734    
   6.62500000       147.011688    
   6.62999964       147.013428    
   6.63499975       147.013428    
   6.63999987       147.013428    
   6.64499998       147.013428    
   6.64999962       147.013428    
   6.65499973       147.013412    
   6.65999985       147.013412    
   6.66499996       147.013412    
   6.67000008       147.013412    
   6.67499971       147.013412    
   6.67999983       147.013412    
   6.68499994       146.997986    
   6.69000006       146.998062    
   6.69499969       146.998215    
   6.69999981       146.998459    
   6.70499992       146.998764    
   6.71000004       146.999146    
   6.71499968       146.999619    
   6.71999979       147.000153    
   6.72499990       147.000732    
   6.73000002       147.001373    
   6.73499966       147.002075    
   6.73999977       147.002838    
   6.74499989       147.003601    
   6.75000000       147.004379    
   6.75499964       147.005188    
   6.75999975       147.006042    
   6.76499987       147.006897    
   6.76999998       147.007736    
   6.77499962       147.008545    
   6.77999973       147.009323    
   6.78499985       147.010086    
   6.78999996       147.010773    
   6.79500008       147.011475    
   6.79999971       147.012115    
   6.80499983       147.012665    
   6.80999994       147.013199    
   6.81500006       147.013641    
   6.81999969       147.014023    
   6.82499981       147.014282    
   6.82999992       147.014511    
   6.83500004       147.014633    
   6.83999968       147.014679    
   6.84499979       147.014633    
   6.84999990       147.014557    
   6.85500002       147.014359    
   6.85999966       147.014084    
   6.86499977       147.013702    
   6.86999989       147.013275    
   6.87500000       147.012726    
   6.87999964       147.012146    
   6.88499975       147.011536    
   6.88999987       147.010880    
   6.89499998       147.010147    
   6.89999962       147.009399    
   6.90499973       147.008606    
   6.90999985       147.007782    
   6.91499996       147.006943    
   6.92000008       147.006134    
   6.92499971       147.005310    
   6.92999983       147.004486    
   6.93499994       147.003693    
   6.94000006       147.002899    
   6.94499969       147.002167    
   6.94999981       147.001465    
   6.95499992       147.000793    
   6.96000004       147.000198    
   6.96499968       146.999649    
   6.96999979       146.999191    
   6.97499990       146.998795    
   6.98000002       146.998489    
   6.98499966       146.998245    
   6.98999977       146.998108    
   6.99499989       146.998032    
   7.00000000       147.014633    
   7.00499964       147.014633    
   7.00999975       147.014633    
   7.01499987       147.014633    
   7.01999998       147.014633    
   7.02499962       147.014633    
   7.02999973       147.014633    
   7.03499985       147.014633    
   7.03999996       147.014633    
   7.04500008       147.014633    
   7.04999971       147.014633    
   7.05499983       147.014633    
   7.05999994       147.014633    
   7.06500006       147.014618    
   7.06999969       147.014618    
   7.07499981       147.014618    
   7.07999992       147.014603    
   7.08500004       147.013901    
   7.08999968       147.013962    
   7.09499979       147.014053    
   7.09999990       147.014175    
   7.10500002       147.014359    
   7.10999966       147.014557    
   7.11499977       147.014801    
   7.11999989       147.015076    
   7.12500000       147.015381    
   7.12999964       147.015717    
   7.13499975       147.016068    
   7.13999987       147.016449    
   7.14499998       147.016830    
   7.14999962       147.017227    
   7.15499973       147.017639    
   7.15999985       147.018051    
   7.16499996       147.018463    
   7.17000008       147.018875    
   7.17499971       147.019287    
   7.17999983       147.019684    
   7.18499994       147.020065    
   7.19000006       147.020432    
   7.19499969       147.020767    
   7.19999981       147.021072    
   7.20499992       147.021347    
   7.21000004       147.021591    
   7.21499968       147.021805    
   7.21999979       147.021973    
   7.22499990       147.022095    
   7.23000002       147.022186    
   7.23499966       147.022232    
   7.23999977       147.022247    
   7.24499989       147.022202    
   7.25000000       147.022125    
   7.25499964       147.022018    
   7.25999975       147.021851    
   7.26499987       147.021667    
   7.26999998       147.021439    
   7.27499962       147.021164    
   7.27999973       147.020874    
   7.28499985       147.020554    
   7.28999996       147.020203    
   7.29499960       147.019836    
   7.29999971       147.019455    
   7.30499983       147.019058    
   7.30999994       147.018661    
   7.31500006       147.018250    
   7.31999969       147.017838    
   7.32499981       147.017441    
   7.32999992       147.017044    
   7.33500004       147.016647    
   7.33999968       147.016281    
   7.34499979       147.015930    
   7.34999990       147.015594    
   7.35500002       147.015274    
   7.35999966       147.014984    
   7.36499977       147.014725    
   7.36999989       147.014496    
   7.37500000       147.014313    
   7.37999964       147.014160    
   7.38499975       147.014053    
   7.38999987       147.013992    
   7.39499998       147.018311    
   7.39999962       147.018311    
   7.40499973       147.018295    
   7.40999985       147.018295    
   7.41499996       147.018295    
   7.41999960       147.018280    
   7.42499971       147.018280    
   7.42999983       147.018265    
   7.43499994       147.018250    
   7.44000006       147.018250    
   7.44499969       147.018234    
   7.44999981       147.018219    
   7.45499992       147.018204    
   7.46000004       147.018204    
   7.46499968       147.018188    
   7.46999979       147.018173    
   7.47499990       147.018158    
   7.48000002       147.018158    
   7.48499966       147.018143    
   7.48999977       147.018127    
   7.49499989       146.986877    
   7.50000000       146.987045    
   7.50499964       146.987366    
   7.50999975       146.987854    
   7.51499987       146.988525    
   7.51999998       146.989349    
   7.52499962       146.990311    
   7.52999973       146.991409    
   7.53499985       146.992630    
   7.53999996       146.993988    
   7.54499960       146.995422    
   7.54999971       146.996948    
   7.55499983       146.998596    
   7.55999994       147.000290    
   7.56500006       147.002014    
   7.56999969       147.003769    
   7.57499981       147.005539    
   7.57999992       147.007294    
   7.58500004       147.009018    
   7.58999968       147.010666    
   7.59499979       147.012253    
   7.59999990       147.013809    
   7.60500002       147.015198    
   7.60999966       147.016541    
   7.61499977       147.017700    
   7.61999989       147.018753    
   7.62500000       147.019638    
   7.62999964       147.020355    
   7.63499975       147.020935    
   7.63999987       147.021408    
   7.64499998       147.021652    
   7.64999962       147.021729    
   7.65499973       147.021652    
   7.65999985       147.021439    
   7.66499996       147.020966    
   7.66999960       147.020401    
   7.67499971       147.019653    
   7.67999983       147.018738    
   7.68499994       147.017715    
   7.69000006       147.016571    
   7.69499969       147.015274    
   7.69999981       147.013885    
   7.70499992       147.012360    
   7.71000004       147.010803    
   7.71499968       147.009186    
   7.71999979       147.007462    
   7.72499990       147.005753    
   7.73000002       147.003967    
   7.73499966       147.002182    
   7.73999977       147.000458    
   7.74499989       146.998764    
   7.75000000       146.997116    
   7.75499964       146.979263    
   7.75999975       146.977844    
   7.76499987       146.976593    
   7.76999998       146.975525    
   7.77499962       146.974655    
   7.77999973       146.973984    
   7.78499985       146.973495    
   7.78999996       146.973221    
   7.79499960       146.973145    
   7.79999971       146.973297    
   7.80499983       146.973633    
   7.80999994       147.008911    
   7.81500006       147.009674    
   7.81999969       147.010452    
   7.82499981       147.011261    
   7.82999992       147.012070    
   7.83500004       147.012894    
   7.83999968       147.013702    
   7.84499979       147.014496    
   7.84999990       147.015259    
   7.85500002       147.015991    
   7.85999966       147.016678    
   7.86499977       147.017349    
   7.86999989       147.017960    
   7.87500000       147.018509    
   7.87999964       147.018997    
   7.88499975       147.019409    
   7.88999987       147.019760    
   7.89499998       147.020035    
   7.89999962       147.020233    
   7.90499973       147.020340    
   7.90999985       147.020370    
   7.91499996       147.020325    
   7.91999960       147.020187    
   7.92499971       147.019974    
   7.92999983       147.019684    
   7.93499994       147.019333    
   7.94000006       147.018906    
   7.94499969       147.018402    
   7.94999981       147.017853    
   7.95499992       147.017227    
   7.96000004       147.016556    
   7.96499968       147.015839    
   7.96999979       147.015091    
   7.97499990       147.014328    
   7.98000002       147.013519    
   7.98499966       147.012711    
   7.98999977       147.011902    
   7.99499989       147.010757    
   8.00000000       147.010056    
   8.00500011       147.009384    
   8.01000023       147.008743    
   8.01499939       147.008163    
   8.01999950       147.007629    
   8.02499962       147.007156    
   8.02999973       147.006760    
   8.03499985       147.006424    
   8.03999996       147.006165    
   8.04500008       147.005981    
   8.05000019       147.005859    
   8.05499935       147.005829    
   8.05999947       147.005890    
   8.06499958       147.006027    
   8.06999969       147.020340    
   8.07499981       147.020538    
   8.07999992       147.020737    
   8.08500004       147.020935    
   8.09000015       147.021133    
   8.09500027       147.021317    
   8.09999943       147.021484    
   8.10499954       147.021652    
   8.10999966       147.021805    
   8.11499977       147.021927    
   8.11999989       147.022049    
   8.12500000       147.022141    
   8.13000011       147.022217    
   8.13500023       147.022278    
   8.13999939       147.022324    
   8.14499950       147.022339    
   8.14999962       147.022339    
   8.15499973       147.022324    
   8.15999985       147.022293    
   8.16499996       147.022232    
   8.17000008       147.022156    
   8.17500019       147.022049    
   8.17999935       147.021942    
   8.18499947       147.021805    
   8.18999958       147.021652    
   8.19499969       147.021500    
   8.19999981       147.021332    
   8.20499992       147.021149    
   8.21000004       147.020966    
   8.21500015       147.020752    
   8.22000027       147.020554    
   8.22499943       147.020370    
   8.22999954       147.020172    
   8.23499966       147.019974    
   8.23999977       147.019791    
   8.24499989       147.019592    
   8.25000000       147.019409    
   8.25500011       147.007843    
   8.26000023       147.007736    
   8.26499939       147.007690    
   8.26999950       147.007721    
   8.27499962       147.007828    
   8.27999973       147.007996    
   8.28499985       147.008224    
   8.28999996       147.008530    
   8.29500008       147.008896    
   8.30000019       147.009323    
   8.30499935       147.011841    
   8.30999947       147.012360    
   8.31499958       147.012878    
   8.31999969       147.013458    
   8.32499981       147.014038    
   8.32999992       147.014603    
   8.33500004       147.015213    
   8.34000015       147.015793    
   8.34500027       147.016403    
   8.34999943       147.016983    
   8.35499954       147.017563    
   8.35999966       147.018097    
   8.36499977       147.017899    
   8.36999989       147.018402    
   8.37500000       147.018982    
   8.38000011       147.019623    
   8.38500023       147.020325    
   8.38999939       147.021042    
   8.39499950       147.021774    
   8.39999962       147.022476    
   8.40499973       147.023102    
   8.40999985       147.023651    
   8.41499996       147.024078    
   8.42000008       147.024353    
   8.42500019       147.024567    
   8.42999935       147.024750    
   8.43499947       147.024963    
   8.43999958       147.025299    
   8.44499969       147.025711    
   8.44999981       147.026199    
   8.45499992       147.026718    
   8.46000004       147.027298    
   8.46500015       147.027878    
   8.47000027       147.028442    
   8.47499943       147.028900    
   8.47999954       147.029236    
   8.48499966       147.029434    
   8.48999977       147.029465    
   8.49499989       147.029358    
   8.50000000       147.029144    
   8.50500011       147.028809    
   8.51000023       147.028412    
   8.51499939       147.027954    
   8.51999950       147.027451    
   8.52499962       147.026901    
   8.52999973       147.026321    
   8.53499985       147.025711    
   8.53999996       147.025070    
   8.54500008       147.024414    
   8.55000019       147.023727    
   8.55499935       147.023056    
   8.55999947       147.022369    
   8.56499958       147.021683    
   8.56999969       147.032486    
   8.57499981       147.031769    
   8.57999992       147.031021    
   8.58500004       147.030228    
   8.59000015       147.029434    
   8.59500027       147.028625    
   8.59999943       147.027817    
   8.60499954       147.027008    
   8.60999966       147.026215    
   8.61499977       147.025436    
   8.61999989       147.024673    
   8.62500000       147.023956    
   8.63000011       147.023270    
   8.63500023       147.022629    
   8.63999939       147.022049    
   8.64499950       147.021530    
   8.64999962       147.021072    
   8.65499973       147.020691    
   8.65999985       147.020386    
   8.66499996       147.020157    
   8.67000008       147.019989    
   8.67500019       147.019913    
   8.67999935       147.036041    
   8.68499947       147.036041    
   8.68999958       147.036041    
   8.69499969       147.036041    
   8.69999981       147.036057    
   8.70499992       147.036057    
   8.71000004       147.036072    
   8.71500015       147.036072    
   8.72000027       147.036057    
   8.72499943       147.036057    
   8.72999954       147.036041    
   8.73499966       147.036041    
   8.73999977       147.036026    
   8.74499989       147.036041    
   8.75000000       147.036041    
   8.75500011       147.008804    
   8.76000023       147.008942    
   8.76499939       147.009247    
   8.76999950       147.009750    
   8.77499962       147.010391    
   8.77999973       147.011200    
   8.78499985       147.012161    
   8.78999996       147.013260    
   8.79500008       147.014511    
   8.80000019       147.015869    
   8.80499935       147.017334    
   8.80999947       147.018890    
   8.81499958       147.020523    
   8.81999969       147.022202    
   8.82499981       147.023941    
   8.82999992       147.025681    
   8.83500004       147.027451    
   8.84000015       147.029190    
   8.84500027       147.030914    
   8.84999943       147.032593    
   8.85499954       147.034210    
   8.85999966       147.035767    
   8.86499977       147.037201    
   8.86999989       147.038544    
   8.87500000       147.039764    
   8.88000011       147.040848    
   8.88500023       147.041794    
   8.88999939       147.042572    
   8.89499950       147.043213    
   8.89999962       147.043671    
   8.90499973       147.043961    
   8.90999985       147.044067    
   8.91499996       147.044006    
   8.92000008       147.043777    
   8.92500019       147.043365    
   8.92999935       147.042786    
   8.93499947       147.042038    
   8.93999958       147.041122    
   8.94499969       147.040085    
   8.94999981       147.038910    
   8.95499992       147.037598    
   8.96000004       147.036194    
   8.96500015       147.034683    
   8.97000027       147.033081    
   8.97499943       147.031418    
   8.97999954       147.029709    
   8.98499966       147.027969    
   8.98999977       147.026199    
   8.99499989       147.024460    
   9.00000000       147.022720    
   9.00500011       147.021011    
   9.01000023       147.019363    
   9.01499939       147.017792    
   9.01999950       147.016312    
   9.02499962       147.014923    
   9.02999973       147.013641    
   9.03499985       147.012497    
   9.03999996       147.011475    
   9.04500008       147.010620    
   9.05000019       147.009933    
   9.05499935       147.009399    
   9.05999947       147.009033    
   9.06499958       147.008850    
   9.06999969       147.043457    
   9.07499981       147.043457    
   9.07999992       147.043457    
   9.08500004       147.043457    
   9.09000015       147.043457    
   9.09500027       147.043457    
   9.09999943       147.043457    
   9.10499954       147.043457    
   9.10999966       147.043457    
   9.11499977       147.043457    
   9.11999989       147.043457    
   9.12500000       147.043457    
   9.13000011       147.043457    
   9.13500023       147.043457    
   9.13999939       147.043457    
   9.14499950       147.043457    
   9.14999962       147.043457    
   9.15499973       147.043457    
   9.15999985       147.043457    
   9.16499996       147.043457    
   9.17000008       147.043457    
   9.17500019       147.043457    
   9.17999935       147.043457    
   9.18499947       147.043457    
   9.18999958       147.043457    
   9.19499969       147.043457    
   9.19999981       147.043457    
   9.20499992       147.043457    
   9.21000004       147.043457    
   9.21500015       147.043457    
   9.22000027       147.043457    
   9.22499943       147.043457    
   9.22999954       147.043457    
   9.23499966       147.043457    
   9.23999977       147.043457    
   9.24499989       147.043457    
   9.25000000       147.043457    
   9.25500011       147.043457    
   9.26000023       147.043457    
   9.26499939       147.043457    
   9.26999950       147.043457    
   9.27499962       147.043457    
   9.27999973       147.043457    
   9.28499985       147.043457    
   9.28999996       147.043457    
   9.29500008       147.043457    
   9.30000019       147.043457    
   9.30499935       147.043457    
   9.30999947       147.043457    
   9.31499958       147.043457    
   9.31999969       147.043457    
   9.32499981       147.038864    
   9.32999992       147.038895    
   9.33500004       147.038956    
   9.34000015       147.039078    
   9.34500027       147.039230    
   9.34999943       147.039413    
   9.35499954       147.039642    
   9.35999966       147.039902    
   9.36499977       147.040192    
   9.36999989       147.040497    
   9.37500000       147.040863    
   9.38000011       147.041229    
   9.38500023       147.041611    
   9.38999939       147.042007    
   9.39499950       147.042419    
   9.39999962       147.042831    
   9.40499973       147.043243    
   9.40999985       147.043655    
   9.41499996       147.044067    
   9.42000008       147.044464    
   9.42500019       147.044861    
   9.42999935       147.045242    
   9.43499947       147.045593    
   9.43999958       147.045914    
   9.44499969       147.032349    
   9.44999981       147.032715    
   9.45499992       147.033112    
   9.46000004       147.033554    
   9.46500015       147.034012    
   9.46999931       147.034546    
   9.47499943       147.035095    
   9.47999954       147.035675    
   9.48499966       147.036255    
   9.48999977       147.036850    
   9.49499989       147.037491    
   9.50000000       147.038086    
   9.50500011       147.038712    
   9.51000023       147.039276    
   9.51499939       147.039871    
   9.51999950       147.040390    
   9.52499962       147.040924    
   9.52999973       147.041412    
   9.53499985       147.041840    
   9.53999996       147.042221    
   9.54500008       147.042572    
   9.55000019       147.042847    
   9.55499935       147.043121    
   9.55999947       147.043320    
   9.56499958       147.043472    
   9.56999969       147.043549    
   9.57499981       147.043579    
   9.57999992       147.043518    
   9.58500004       147.043396    
   9.59000015       147.043182    
   9.59499931       147.042953    
   9.59999943       147.042694    
   9.60499954       147.042313    
   9.60999966       147.041931    
   9.61499977       147.041489    
   9.61999989       147.040985    
   9.62500000       147.040512    
   9.63000011       147.039978    
   9.63500023       147.039413    
   9.63999939       147.046310    
   9.64499950       147.045700    
   9.64999962       147.045029    
   9.65499973       147.044312    
   9.65999985       147.043549    
   9.66499996       147.042740    
   9.67000008       147.041885    
   9.67500019       147.041077    
   9.67999935       147.040222    
   9.68499947       147.039398    
   9.68999958       147.038589    
   9.69499969       147.037811    
   9.69999981       147.037064    
   9.70499992       147.036362    
   9.71000004       147.035690    
   9.71500015       147.035065    
   9.71999931       147.034515    
   9.72499943       147.034012    
   9.72999954       147.033569    
   9.73499966       147.033203    
   9.73999977       147.032898    
   9.74499989       147.032684    
   9.75000000       147.032532    
   9.75500011       147.032471    
   9.76000023       147.039642    
   9.76499939       147.039642    
   9.76999950       147.039658    
   9.77499962       147.039658    
   9.77999973       147.039658    
   9.78499985       147.039658    
   9.78999996       147.039658    
   9.79500008       147.039658    
   9.80000019       147.039642    
   9.80499935       147.039642    
   9.80999947       147.039627    
   9.81499958       147.039627    
   9.81999969       147.039612    
   9.82499981       147.039612    
   9.82999992       147.039597    
   9.83500004       147.039581    
   9.84000015       147.039581    
   9.84499931       147.039581    
   9.84999943       147.039566    
   9.85499954       147.039581    
   9.85999966       147.039581    
   9.86499977       147.039581    
   9.86999989       147.039581    
   9.87500000       147.039581    
   9.88000011       147.039581    
   9.88500023       147.039581    
   9.88999939       147.039581    
   9.89499950       147.039581    
   9.89999962       147.039581    
   9.90499973       147.039566    
   9.90999985       147.039566    
   9.91499996       147.039581    
   9.92000008       147.039581    
   9.92500019       147.039597    
   9.92999935       147.039597    
   9.93499947       147.039597    
   9.93999958       147.039581    
   9.94499969       147.039581    
   9.94999981       147.039581    
   9.95499992       147.039581    
   9.96000004       147.039566    
   9.96500015       147.039566    
   9.96999931       147.039551    
   9.97499943       147.039551    
   9.97999954       147.039551    
   9.98499966       147.039551    
   9.98999977       147.039551    
   9.99499989       147.039536    
   10.0000000       147.039536    
