   9.99999978E-03   62.5000000    
   1.99999996E-02   62.5000000    
   2.99999993E-02   62.5000000    
   3.99999991E-02   62.5000000    
   4.99999970E-02   62.5000000    
   5.99999987E-02   62.5000000    
   7.00000003E-02   62.5000000    
   7.99999982E-02   62.5000000    
   8.99999961E-02   62.5000000    
   9.99999940E-02   62.5000000    
  0.109999999       62.5000000    
  0.119999997       62.5000000    
  0.129999995       62.5000000    
  0.140000001       62.5000000    
  0.149999991       62.5000000    
  0.159999996       62.5000000    
  0.170000002       62.5000000    
  0.179999992       62.5000000    
  0.189999998       62.5000000    
  0.199999988       62.5000000    
  0.209999993       62.5000000    
  0.219999999       62.5000000    
  0.229999989       62.5000000    
  0.239999995       62.5000000    
  0.250000000       62.5000000    
  0.259999990       62.5000000    
  0.269999981       62.5000000    
  0.280000001       62.5000000    
  0.289999992       62.5000000    
  0.299999982       62.5000000    
  0.310000002       62.5000000    
  0.319999993       62.5000000    
  0.329999983       62.5000000    
  0.340000004       62.5000000    
  0.349999994       62.5000000    
  0.359999985       62.5000000    
  0.370000005       62.5000000    
  0.379999995       62.5000000    
  0.389999986       62.5000000    
  0.399999976       62.5000000    
  0.409999996       62.5000000    
  0.419999987       62.5000000    
  0.429999977       62.5000000    
  0.439999998       62.5000000    
  0.449999988       62.5000000    
  0.459999979       62.5000000    
  0.469999999       62.5000000    
  0.479999989       62.5000000    
  0.489999980       62.5000000    
  0.500000000       62.5000000    
  0.509999990       62.5012436    
  0.519999981       62.5049477    
  0.529999971       62.5109520    
  0.539999962       62.5190239    
  0.550000012       62.5288315    
  0.560000002       62.5399857    
  0.569999993       62.5520439    
  0.579999983       62.5645256    
  0.589999974       62.5769310    
  0.599999964       62.5887718    
  0.610000014       62.5995712    
  0.620000005       62.6088982    
  0.629999995       62.6163788    
  0.639999986       62.6217155    
  0.649999976       62.6246948    
  0.659999967       62.6251984    
  0.669999957       62.6232071    
  0.680000007       62.6188011    
  0.689999998       62.6121597    
  0.699999988       62.6035347    
  0.709999979       62.5932808    
  0.719999969       62.5818062    
  0.729999959       62.5695648    
  0.740000010       62.5570526    
  0.750000000       62.5447617    
  0.759999990       62.5331841    
  0.769999981       62.5227814    
  0.779999971       62.5139694    
  0.789999962       62.5071030    
  0.799999952       62.5024490    
  0.810000002       62.5002022    
  0.819999993       62.6205788    
  0.829999983       62.6205788    
  0.839999974       62.6205788    
  0.849999964       62.6205788    
  0.859999955       62.6205788    
  0.870000005       62.6205788    
  0.879999995       62.6205788    
  0.889999986       62.6205788    
  0.899999976       62.6205788    
  0.909999967       62.6205788    
  0.919999957       62.6205788    
  0.930000007       62.6205788    
  0.939999998       62.6205788    
  0.949999988       62.6205788    
  0.959999979       62.6205788    
  0.969999969       62.6205788    
  0.979999959       62.6205788    
  0.989999950       62.6205788    
   1.00000000       62.6205330    
   1.00999999       62.6208458    
   1.01999998       62.6217690    
   1.02999997       62.6232758    
   1.03999996       62.6252861    
   1.04999995       62.6277313    
   1.05999994       62.6305122    
   1.06999993       62.6335258    
   1.07999992       62.6366463    
   1.09000003       62.6397552    
   1.10000002       62.6427307    
   1.11000001       62.6454315    
   1.12000000       62.6477432    
   1.13000000       62.6496239    
   1.13999999       62.6509628    
   1.14999998       62.6516991    
   1.15999997       62.6518402    
   1.16999996       62.6513634    
   1.17999995       62.6502419    
   1.18999994       62.6485672    
   1.19999993       62.6464081    
   1.20999992       62.6438599    
   1.22000003       62.6410027    
   1.23000002       62.6379585    
   1.24000001       62.6348114    
   1.25000000       62.6317482    
   1.25999999       62.6288643    
   1.26999998       62.6262741    
   1.27999997       62.6240807    
   1.28999996       62.6223602    
   1.29999995       62.6211967    
   1.30999994       62.6206322    
   1.31999993       62.6507149    
   1.32999992       62.6507149    
   1.33999991       62.6507149    
   1.35000002       62.6507149    
   1.36000001       62.6507149    
   1.37000000       62.6507149    
   1.38000000       62.6507149    
   1.38999999       62.6507149    
   1.39999998       62.6507149    
   1.40999997       62.6507149    
   1.41999996       62.6507149    
   1.42999995       62.6507149    
   1.43999994       62.6507149    
   1.44999993       62.6507149    
   1.45999992       62.6507149    
   1.46999991       62.6507149    
   1.48000002       62.6507149    
   1.49000001       62.6507149    
   1.50000000       62.6507149    
   1.50999999       62.6507149    
   1.51999998       62.6507149    
   1.52999997       62.6507149    
   1.53999996       62.6507149    
   1.54999995       62.6507149    
   1.55999994       62.6507149    
   1.56999993       62.6507149    
   1.57999992       62.6507149    
   1.58999991       62.6507149    
   1.59999990       62.6507149    
   1.61000001       62.6507149    
   1.62000000       62.6507149    
   1.63000000       62.6507149    
   1.63999999       62.6507149    
   1.64999998       62.6507149    
   1.65999997       62.6507149    
   1.66999996       62.6507149    
   1.67999995       62.6507149    
   1.68999994       62.6507149    
   1.69999993       62.6507149    
   1.70999992       62.6507149    
   1.71999991       62.6507149    
   1.73000002       62.6507149    
   1.74000001       62.6507149    
   1.75000000       62.6507149    
   1.75999999       62.6507149    
   1.76999998       62.6507149    
   1.77999997       62.6507149    
   1.78999996       62.6507149    
   1.79999995       62.6507149    
   1.80999994       62.6507149    
   1.81999993       62.5497627    
   1.82999992       62.5527916    
   1.83999991       62.5581665    
   1.84999990       62.5656738    
   1.86000001       62.5750198    
   1.87000000       62.5858345    
   1.88000000       62.5976944    
   1.88999999       62.6100922    
   1.89999998       62.6226006    
   1.90999997       62.6346436    
   1.91999996       62.6457634    
   1.92999995       62.6555634    
   1.93999994       62.6636086    
   1.94999993       62.6695328    
   1.95999992       62.6732292    
   1.96999991       62.6744728    
   1.97999990       62.6732025    
   1.99000001       62.6694565    
   2.00000000       62.6634064    
   2.00999999       62.6553383    
   2.01999998       62.6455040    
   2.02999997       62.6343422    
   2.03999996       62.6222496    
   2.04999995       62.6097870    
   2.05999994       62.5973625    
   2.06999993       62.5855141    
   2.07999992       62.5747452    
   2.08999991       62.5654373    
   2.09999990       62.5579910    
   2.10999990       62.5526733    
   2.11999989       62.5497169    
   2.12999988       62.6572685    
   2.13999987       62.6572685    
   2.14999986       62.6572685    
   2.15999985       62.6572685    
   2.16999984       62.6572685    
   2.18000007       62.6572685    
   2.19000006       62.6572685    
   2.20000005       62.6572685    
   2.21000004       62.6572685    
   2.22000003       62.6572685    
   2.23000002       62.6572685    
   2.24000001       62.6572685    
   2.25000000       62.6572685    
   2.25999999       62.6572685    
   2.26999998       62.6572685    
   2.27999997       62.6572685    
   2.28999996       62.6572685    
   2.29999995       62.6572685    
   2.30999994       62.6572685    
   2.31999993       62.6572685    
   2.32999992       62.6572685    
   2.33999991       62.6572685    
   2.34999990       62.6572685    
   2.35999990       62.6572685    
   2.36999989       62.6572685    
   2.37999988       62.6572685    
   2.38999987       62.6572685    
   2.39999986       62.6572685    
   2.40999985       62.6572685    
   2.41999984       62.6572685    
   2.42999983       62.6572685    
   2.44000006       62.6572685    
   2.45000005       62.6572685    
   2.46000004       62.6572685    
   2.47000003       62.6572685    
   2.48000002       62.6572685    
   2.49000001       62.6572685    
   2.50000000       62.6572685    
   2.50999999       62.6572685    
   2.51999998       62.6572685    
   2.52999997       62.6572685    
   2.53999996       62.6572685    
   2.54999995       62.6572685    
   2.55999994       62.6572685    
   2.56999993       62.6572685    
   2.57999992       62.6572685    
   2.58999991       62.6572685    
   2.59999990       62.6572685    
   2.60999990       62.6572685    
   2.61999989       62.6572685    
   2.62999988       62.6572685    
   2.63999987       62.6572685    
   2.64999986       62.6572685    
   2.65999985       62.6572685    
   2.66999984       62.6572685    
   2.67999983       62.6572685    
   2.69000006       62.6572685    
   2.70000005       62.6572685    
   2.71000004       62.6572685    
   2.72000003       62.6572685    
   2.73000002       62.6572685    
   2.74000001       62.6572685    
   2.75000000       62.6572685    
   2.75999999       62.6572685    
   2.76999998       62.6572685    
   2.77999997       62.6572685    
   2.78999996       62.6572685    
   2.79999995       62.6572685    
   2.80999994       62.6572685    
   2.81999993       62.6572685    
   2.82999992       62.6572685    
   2.83999991       62.6572685    
   2.84999990       62.6572685    
   2.85999990       62.6572685    
   2.86999989       62.6572685    
   2.87999988       62.6572685    
   2.88999987       62.6572685    
   2.89999986       62.6572685    
   2.90999985       62.6572685    
   2.91999984       62.6572685    
   2.92999983       62.6572685    
   2.93999982       62.6572685    
   2.95000005       62.6572685    
   2.96000004       62.6572685    
   2.97000003       62.6572685    
   2.98000002       62.6572685    
   2.99000001       62.6572685    
   3.00000000       62.6572685    
   3.00999999       62.6572685    
   3.01999998       62.6572685    
   3.02999997       62.6572685    
   3.03999996       62.6572685    
   3.04999995       62.6572685    
   3.05999994       62.6572685    
   3.06999993       62.6572685    
   3.07999992       62.6572685    
   3.08999991       62.6572685    
   3.09999990       62.6572685    
   3.10999990       62.6572685    
   3.11999989       62.6572685    
   3.12999988       62.5338860    
   3.13999987       62.5362320    
   3.14999986       62.5409775    
   3.15999985       62.5479279    
   3.16999984       62.5568123    
   3.17999983       62.5672684    
   3.18999982       62.5788841    
   3.19999981       62.5911942    
   3.21000004       62.6037025    
   3.22000003       62.6159248    
   3.23000002       62.6273575    
   3.24000001       62.6375542    
   3.25000000       62.6461029    
   3.25999999       62.6526680    
   3.26999998       62.6569862    
   3.27999997       62.6588821    
   3.28999996       62.6582794    
   3.29999995       62.6552086    
   3.30999994       62.6497803    
   3.31999993       62.6254501    
   3.32999992       62.6168938    
   3.33999991       62.6074524    
   3.34999990       62.5975189    
   3.35999990       62.5874863    
   3.36999989       62.5777550    
   3.37999988       62.5687103    
   3.38999987       62.5607147    
   3.39999986       62.5540848    
   3.40999985       62.5490952    
   3.41999984       62.5459290    
   3.42999983       62.5447197    
   3.43999982       62.5642967    
   3.44999981       62.5657234    
   3.46000004       62.5665665    
   3.47000003       62.5667953    
   3.48000002       62.5663986    
   3.49000001       62.5653877    
   3.50000000       62.5638123    
   3.50999999       62.5617294    
   3.51999998       62.5592232    
   3.52999997       62.5563927    
   3.53999996       62.5533524    
   3.54999995       62.5502243    
   3.55999994       62.5471306    
   3.56999993       62.5441971    
   3.57999992       62.5415382    
   3.58999991       62.5392609    
   3.59999990       62.5374565    
   3.60999990       62.5362015    
   3.61999989       62.5355377    
   3.62999988       62.5662804    
   3.63999987       62.5662804    
   3.64999986       62.5662804    
   3.65999985       62.5662804    
   3.66999984       62.5662804    
   3.67999983       62.5662804    
   3.68999982       62.5662804    
   3.69999981       62.5662804    
   3.70999980       62.5662804    
   3.72000003       62.5662804    
   3.73000002       62.5662804    
   3.74000001       62.5662804    
   3.75000000       62.5662804    
   3.75999999       62.5662804    
   3.76999998       62.5662804    
   3.77999997       62.5662804    
   3.78999996       62.5662804    
   3.79999995       62.5662804    
   3.80999994       62.5662804    
   3.81999993       62.5662804    
   3.82999992       62.5662804    
   3.83999991       62.5662804    
   3.84999990       62.5662804    
   3.85999990       62.5662804    
   3.86999989       62.5662804    
   3.87999988       62.5662804    
   3.88999987       62.5662804    
   3.89999986       62.5662804    
   3.90999985       62.5662804    
   3.91999984       62.5662804    
   3.92999983       62.5662804    
   3.93999982       62.5662804    
   3.94999981       62.5662804    
   3.95999980       62.5662804    
   3.97000003       62.5662804    
   3.98000002       62.5662804    
   3.99000001       62.5662804    
   4.00000000       62.5662804    
   4.00999975       62.5662804    
   4.01999998       62.5662804    
   4.02999973       62.5662804    
   4.03999996       62.5662804    
   4.04999971       62.5662804    
   4.05999994       62.5662804    
   4.06999969       62.5662804    
   4.07999992       62.5662804    
   4.08999968       62.5662804    
   4.09999990       62.5662804    
   4.11000013       62.5662804    
   4.11999989       62.5662804    
   4.13000011       62.5662804    
   4.13999987       62.5662804    
   4.15000010       62.5662804    
   4.15999985       62.5662804    
   4.17000008       62.5662804    
   4.17999983       62.5662804    
   4.19000006       62.5662804    
   4.19999981       62.5662804    
   4.21000004       62.5662804    
   4.21999979       62.5662804    
   4.23000002       62.5662804    
   4.23999977       62.5662804    
   4.25000000       62.5662804    
   4.25999975       62.5662804    
   4.26999998       62.5662804    
   4.27999973       62.5662804    
   4.28999996       62.5662804    
   4.29999971       62.5662804    
   4.30999994       62.5662804    
   4.31999969       62.5662804    
   4.32999992       62.5662804    
   4.33999968       62.5662804    
   4.34999990       62.5662804    
   4.36000013       62.5662804    
   4.36999989       62.5662804    
   4.38000011       62.5662804    
   4.38999987       62.5662804    
   4.40000010       62.5662804    
   4.40999985       62.5662804    
   4.42000008       62.5662804    
   4.42999983       62.5662804    
   4.44000006       62.5374718    
   4.44999981       62.5388794    
   4.46000004       62.5427361    
   4.46999979       62.5488853    
   4.48000002       62.5570602    
   4.48999977       62.5669479    
   4.50000000       62.5781784    
   4.50999975       62.5902710    
   4.51999998       62.6027908    
   4.52999973       62.6151466    
   4.53999996       62.6269646    
   4.54999971       62.6376991    
   4.55999994       62.6469650    
   4.56999969       62.6543427    
   4.57999992       62.6595764    
   4.58999968       62.6623726    
   4.59999990       62.6627541    
   4.61000013       62.6605873    
   4.61999989       62.6560326    
   4.63000011       62.6492577    
   4.63999987       62.6404953    
   4.65000010       62.6301613    
   4.65999985       62.6186142    
   4.67000008       62.6063347    
   4.67999983       62.5937958    
   4.69000006       62.5815582    
   4.69999981       62.5700226    
   4.71000004       62.5596848    
   4.71999979       62.5509949    
   4.73000002       62.5442467    
   4.73999977       62.5397224    
   4.75000000       62.5376205    
   4.75999975       62.6501694    
   4.76999998       62.6501694    
   4.77999973       62.6501694    
   4.78999996       62.6501694    
   4.79999971       62.6501694    
   4.80999994       62.6501694    
   4.81999969       62.6501694    
   4.82999992       62.6501694    
   4.83999968       62.6501694    
   4.84999990       62.6501694    
   4.85999966       62.6501694    
   4.86999989       62.6501694    
   4.88000011       62.6501694    
   4.88999987       62.6501694    
   4.90000010       62.6501694    
   4.90999985       62.6501694    
   4.92000008       62.6501694    
   4.92999983       62.6501694    
   4.94000006       62.6501694    
   4.94999981       62.6501694    
   4.96000004       62.6501694    
   4.96999979       62.6501694    
   4.98000002       62.6501694    
   4.98999977       62.6501694    
   5.00000000       62.6501694    
   5.00999975       62.6501694    
   5.01999998       62.6501694    
   5.02999973       62.6501694    
   5.03999996       62.6501694    
   5.04999971       62.6501694    
   5.05999994       62.6501694    
   5.06999969       62.6501694    
   5.07999992       62.6501694    
   5.08999968       62.6501694    
   5.09999990       62.6501694    
   5.10999966       62.6501694    
   5.11999989       62.6501694    
   5.13000011       62.6501694    
   5.13999987       62.6501694    
   5.15000010       62.6501694    
   5.15999985       62.6501694    
   5.17000008       62.6501694    
   5.17999983       62.6501694    
   5.19000006       62.6501694    
   5.19999981       62.6501694    
   5.21000004       62.6501694    
   5.21999979       62.6501694    
   5.23000002       62.6501694    
   5.23999977       62.6501694    
   5.25000000       62.6501694    
   5.25999975       62.6501694    
   5.26999998       62.6501694    
   5.27999973       62.6501694    
   5.28999996       62.6501694    
   5.29999971       62.6501694    
   5.30999994       62.6501694    
   5.31999969       62.6501694    
   5.32999992       62.6501694    
   5.33999968       62.6501694    
   5.34999990       62.6501694    
   5.35999966       62.6501694    
   5.36999989       62.6501694    
   5.38000011       62.6501694    
   5.38999987       62.6501694    
   5.40000010       62.6501694    
   5.40999985       62.6501694    
   5.42000008       62.6501694    
   5.42999983       62.6501694    
   5.44000006       62.6501694    
   5.44999981       62.6501694    
   5.46000004       62.6501694    
   5.46999979       62.6501694    
   5.48000002       62.6501694    
   5.48999977       62.6501694    
   5.50000000       62.6501694    
   5.50999975       62.6501694    
   5.51999998       62.6501694    
   5.52999973       62.6501694    
   5.53999996       62.6501694    
   5.54999971       62.6501694    
   5.55999994       62.6501694    
   5.56999969       62.6501694    
   5.57999992       62.6501694    
   5.58999968       62.6501694    
   5.59999990       62.6501694    
   5.60999966       62.6501694    
   5.61999989       62.6501694    
   5.62999964       62.6293144    
   5.63999987       62.6301155    
   5.65000010       62.6315041    
   5.65999985       62.6334267    
   5.67000008       62.6357918    
   5.67999983       62.6385231    
   5.69000006       62.6414948    
   5.69999981       62.6446152    
   5.71000004       62.6477318    
   5.71999979       62.6507454    
   5.73000002       62.6535263    
   5.73999977       62.6559563    
   5.75000000       62.6579170    
   5.75999975       62.5698853    
   5.76999998       62.5739059    
   5.77999973       62.5796280    
   5.78999996       62.5868492    
   5.79999971       62.5953026    
   5.80999994       62.6046486    
   5.81999969       62.6144905    
   5.82999992       62.6244240    
   5.83999968       62.6340675    
   5.84999990       62.6430435    
   5.85999966       62.6510162    
   5.86999989       62.6576385    
   5.87999964       62.6626244    
   5.88999987       62.6658096    
   5.90000010       62.6670570    
   5.90999985       62.6663208    
   5.92000008       62.6636276    
   5.92999983       62.6590805    
   5.94000006       62.6825142    
   5.94999981       62.6743240    
   5.96000004       62.6644211    
   5.96999979       62.6531868    
   5.98000002       62.6410828    
   5.98999977       62.6285858    
   6.00000000       62.6161957    
   6.00999975       62.6044044    
   6.01999998       62.5936775    
   6.02999973       62.5844536    
   6.03999996       62.5771027    
   6.04999971       62.5719070    
   6.05999994       62.5690842    
   6.06999969       62.6843452    
   6.07999992       62.6843452    
   6.08999968       62.6843452    
   6.09999990       62.6843452    
   6.10999966       62.6843452    
   6.11999989       62.6843452    
   6.12999964       62.6843452    
   6.13999987       62.6843452    
   6.15000010       62.6843452    
   6.15999985       62.6843452    
   6.17000008       62.6843452    
   6.17999983       62.6843452    
   6.19000006       62.6843452    
   6.19999981       62.6843452    
   6.21000004       62.6843452    
   6.21999979       62.6843452    
   6.23000002       62.6843452    
   6.23999977       62.6843452    
   6.25000000       62.6843452    
   6.25999975       62.6843452    
   6.26999998       62.6843452    
   6.27999973       62.6843452    
   6.28999996       62.6843452    
   6.29999971       62.6843452    
   6.30999994       62.6843452    
   6.31999969       62.6843452    
   6.32999992       62.6843452    
   6.33999968       62.6843452    
   6.34999990       62.6843452    
   6.35999966       62.6843452    
   6.36999989       62.6843452    
   6.37999964       62.6843452    
   6.38999987       62.6843452    
   6.39999962       62.6843452    
   6.40999985       62.6843452    
   6.42000008       62.6843452    
   6.42999983       62.6843452    
   6.44000006       62.6843452    
   6.44999981       62.6843452    
   6.46000004       62.6843452    
   6.46999979       62.6843452    
   6.48000002       62.6843452    
   6.48999977       62.6843452    
   6.50000000       62.6843452    
   6.50999975       62.6843452    
   6.51999998       62.6843452    
   6.52999973       62.6843452    
   6.53999996       62.6843452    
   6.54999971       62.6843452    
   6.55999994       62.6843452    
   6.56999969       62.6843452    
   6.57999992       62.6843452    
   6.58999968       62.6843452    
   6.59999990       62.6843452    
   6.60999966       62.6843452    
   6.61999989       62.6843452    
   6.62999964       62.6843452    
   6.63999987       62.6843452    
   6.64999962       62.6843452    
   6.65999985       62.6843452    
   6.67000008       62.6843452    
   6.67999983       62.6843452    
   6.69000006       62.6843452    
   6.69999981       62.6843452    
   6.71000004       62.6843452    
   6.71999979       62.6843452    
   6.73000002       62.6843452    
   6.73999977       62.6843452    
   6.75000000       62.6843452    
   6.75999975       62.6843452    
   6.76999998       62.6843452    
   6.77999973       62.6843452    
   6.78999996       62.6843452    
   6.79999971       62.6843452    
   6.80999994       62.6843452    
   6.81999969       62.6843452    
   6.82999992       62.6843452    
   6.83999968       62.6843452    
   6.84999990       62.6843452    
   6.85999966       62.6843452    
   6.86999989       62.6843452    
   6.87999964       62.6843452    
   6.88999987       62.6843452    
   6.89999962       62.6843452    
   6.90999985       62.6843452    
   6.92000008       62.6843452    
   6.92999983       62.6843452    
   6.94000006       62.6843452    
   6.94999981       62.6843452    
   6.96000004       62.6843452    
   6.96999979       62.6843452    
   6.98000002       62.6843452    
   6.98999977       62.6843452    
   7.00000000       62.6843452    
   7.00999975       62.6843452    
   7.01999998       62.6843452    
   7.02999973       62.6843452    
   7.03999996       62.6843452    
   7.04999971       62.6843452    
   7.05999994       62.6843452    
   7.06999969       62.5593414    
   7.07999992       62.5618172    
   7.08999968       62.5666885    
   7.09999990       62.5737534    
   7.10999966       62.5827408    
   7.11999989       62.5932655    
   7.12999964       62.6049309    
   7.13999987       62.6172600    
   7.14999962       62.6297836    
   7.15999985       62.6419907    
   7.17000008       62.6533775    
   7.17999983       62.6635437    
   7.19000006       62.6720276    
   7.19999981       62.6784706    
   7.21000004       62.6826935    
   7.21999979       62.6844864    
   7.23000002       62.6837158    
   7.23999977       62.6805382    
   7.25000000       62.6749535    
   7.25999975       62.6673088    
   7.26999998       62.6578560    
   7.27999973       62.6469688    
   7.28999996       62.6350555    
   7.29999971       62.6225891    
   7.30999994       62.6101494    
   7.31999969       62.5981331    
   7.32999992       62.5870590    
   7.33999968       62.5773773    
   7.34999990       62.5694885    
   7.35999966       62.5636902    
   7.36999989       62.5602036    
   7.37999964       62.6004410    
   7.38999987       62.6004410    
   7.39999962       62.6004410    
   7.40999985       62.6004410    
   7.41999960       62.6004410    
   7.42999983       62.6004410    
   7.44000006       62.6004410    
   7.44999981       62.6004410    
   7.46000004       62.6004410    
   7.46999979       62.6004410    
   7.48000002       62.6004410    
   7.48999977       62.6004410    
   7.50000000       62.6004410    
   7.50999975       62.6004410    
   7.51999998       62.6004410    
   7.52999973       62.6004410    
   7.53999996       62.6004410    
   7.54999971       62.6004410    
   7.55999994       62.6004410    
   7.56999969       62.6004410    
   7.57999992       62.6004410    
   7.58999968       62.6004410    
   7.59999990       62.6004410    
   7.60999966       62.6004410    
   7.61999989       62.6004410    
   7.62999964       62.6004410    
   7.63999987       62.6004410    
   7.64999962       62.6004410    
   7.65999985       62.6004410    
   7.66999960       62.6004410    
   7.67999983       62.6004410    
   7.69000006       62.6004410    
   7.69999981       62.6004410    
   7.71000004       62.6004410    
   7.71999979       62.6004410    
   7.73000002       62.6004410    
   7.73999977       62.6004410    
   7.75000000       62.6004410    
   7.75999975       62.6004410    
   7.76999998       62.6004410    
   7.77999973       62.6004410    
   7.78999996       62.6004410    
   7.79999971       62.6004410    
   7.80999994       62.6004410    
   7.81999969       62.6004410    
   7.82999992       62.6004410    
   7.83999968       62.6004410    
   7.84999990       62.6004410    
   7.85999966       62.6004410    
   7.86999989       62.6004410    
   7.87999964       62.6004410    
   7.88999987       62.6004410    
   7.89999962       62.6004410    
   7.90999985       62.6004410    
   7.91999960       62.6004410    
   7.92999983       62.6004410    
   7.94000006       62.5808372    
   7.94999981       62.5816460    
   7.96000004       62.5830383    
   7.96999979       62.5849686    
   7.98000002       62.5873489    
   7.98999977       62.5900917    
   8.00000000       62.5930786    
   8.01000023       62.5961990    
   8.01999950       62.5993195    
   8.02999973       62.6023293    
   8.03999996       62.6050949    
   8.05000019       62.6075134    
   8.05999947       62.6094856    
   8.06999969       62.6109314    
   8.07999992       62.6117973    
   8.09000015       62.6120491    
   8.09999943       62.6116714    
   8.10999966       62.6106834    
   8.11999989       62.6091232    
   8.13000011       62.6070518    
   8.13999939       62.6045532    
   8.14999962       62.6017303    
   8.15999985       62.5986900    
   8.17000008       62.5955544    
   8.17999935       62.5924530    
   8.18999958       62.5895081    
   8.19999981       62.5868340    
   8.21000004       62.5845413    
   8.22000027       62.5827179    
   8.22999954       62.5814400    
   8.23999977       62.5807571    
   8.25000000       62.6108208    
   8.26000023       62.6108208    
   8.26999950       62.6108208    
   8.27999973       62.6108208    
   8.28999996       62.6108208    
   8.30000019       62.6108208    
   8.30999947       62.6108208    
   8.31999969       62.6108208    
   8.32999992       62.6108208    
   8.34000015       62.6108208    
   8.34999943       62.6108208    
   8.35999966       62.6108208    
   8.36999989       62.6108208    
   8.38000011       62.5511475    
   8.38999939       62.5527420    
   8.39999962       62.5567703    
   8.40999985       62.5630722    
   8.42000008       62.5714035    
   8.42999935       62.5814171    
   8.43999958       62.5927238    
   8.44999981       62.6048737    
   8.46000004       62.6173744    
   8.47000027       62.6297302    
   8.47999954       62.6414528    
   8.48999977       62.6520691    
   8.50000000       62.6611557    
   8.51000023       62.6683540    
   8.51999950       62.6733742    
   8.52999973       62.6760139    
   8.53999996       62.6761703    
   8.55000019       62.6738434    
   8.55999947       62.6691170    
   8.56999969       62.6621780    
   8.57999992       62.6533127    
   8.59000015       62.6428680    
   8.59999943       62.6312637    
   8.60999966       62.6189575    
   8.61999989       62.6064491    
   8.63000011       62.5942307    
   8.63999939       62.5827866    
   8.64999962       62.5725746    
   8.65999985       62.5640144    
   8.67000008       62.5574417    
   8.67999935       62.5531120    
   8.68999958       62.5512085    
   8.69999981       62.6486015    
   8.71000004       62.6486015    
   8.72000027       62.6486015    
   8.72999954       62.6486015    
   8.73999977       62.6486015    
   8.75000000       62.6486015    
   8.76000023       62.6486015    
   8.76999950       62.6486015    
   8.77999973       62.6486015    
   8.78999996       62.6486015    
   8.80000019       62.6486015    
   8.80999947       62.6486015    
   8.81999969       62.6486015    
   8.82999992       62.6486015    
   8.84000015       62.6486015    
   8.84999943       62.6486015    
   8.85999966       62.6486015    
   8.86999989       62.6486015    
   8.88000011       62.6486015    
   8.88999939       62.6486015    
   8.89999962       62.6486015    
   8.90999985       62.6486015    
   8.92000008       62.6486015    
   8.92999935       62.6486015    
   8.93999958       62.6486015    
   8.94999981       62.6486015    
   8.96000004       62.6486015    
   8.97000027       62.6486015    
   8.97999954       62.6486015    
   8.98999977       62.6486015    
   9.00000000       62.6486015    
   9.01000023       62.6486015    
   9.01999950       62.6486015    
   9.02999973       62.6486015    
   9.03999996       62.6486015    
   9.05000019       62.6486015    
   9.05999947       62.6486015    
   9.06999969       62.6486015    
   9.07999992       62.6486015    
   9.09000015       62.6486015    
   9.09999943       62.6486015    
   9.10999966       62.6486015    
   9.11999989       62.6486015    
   9.13000011       62.6486015    
   9.13999939       62.6486015    
   9.14999962       62.6486015    
   9.15999985       62.6486015    
   9.17000008       62.6486015    
   9.17999935       62.6486015    
   9.18999958       62.6486015    
   9.19999981       62.6486015    
   9.21000004       62.6486015    
   9.22000027       62.6486015    
   9.22999954       62.6486015    
   9.23999977       62.6486015    
   9.25000000       62.6486015    
   9.26000023       62.6486015    
   9.26999950       62.6486015    
   9.27999973       62.6486015    
   9.28999996       62.6486015    
   9.30000019       62.6486015    
   9.30999947       62.6486015    
   9.31999969       62.6486015    
   9.32999992       62.6486015    
   9.34000015       62.6486015    
   9.34999943       62.6486015    
   9.35999966       62.6486015    
   9.36999989       62.6486015    
   9.38000011       62.6486015    
   9.38999939       62.6486015    
   9.39999962       62.6486015    
   9.40999985       62.6486015    
   9.42000008       62.6486015    
   9.42999935       62.6486015    
   9.43999958       62.6486015    
   9.44999981       62.6486015    
   9.46000004       62.6486015    
   9.46999931       62.6486015    
   9.47999954       62.6486015    
   9.48999977       62.6486015    
   9.50000000       62.6486015    
   9.51000023       62.6486015    
   9.51999950       62.6486015    
   9.52999973       62.6486015    
   9.53999996       62.6486015    
   9.55000019       62.6486015    
   9.55999947       62.6486015    
   9.56999969       62.6486015    
   9.57999992       62.6486015    
   9.59000015       62.6486015    
   9.59999943       62.6486015    
   9.60999966       62.6486015    
   9.61999989       62.6486015    
   9.63000011       62.6486015    
   9.63999939       62.6486015    
   9.64999962       62.6486015    
   9.65999985       62.6486015    
   9.67000008       62.6486015    
   9.67999935       62.6486015    
   9.68999958       62.6486015    
   9.69999981       62.5757828    
   9.71000004       62.5790634    
   9.71999931       62.5846863    
   9.72999954       62.5924301    
   9.73999977       62.6019630    
   9.75000000       62.6129303    
   9.76000023       62.6248779    
   9.76999950       62.6373253    
   9.77999973       62.6497612    
   9.78999996       62.6617393    
   9.80000019       62.6727486    
   9.80999947       62.6823883    
   9.81999969       62.6902275    
   9.82999992       62.6959877    
   9.84000015       62.6994133    
   9.84999943       62.7003212    
   9.85999966       62.6987724    
   9.86999989       62.6948166    
   9.88000011       62.6885796    
   9.88999939       62.6803093    
   9.89999962       62.6703415    
   9.90999985       62.6590538    
   9.92000008       62.6469269    
   9.92999935       62.6343994    
   9.93999958       62.6220322    
   9.94999981       62.6102905    
   9.96000004       62.5996170    
   9.96999931       62.5904732    
   9.97999954       62.5832367    
   9.98999977       62.5781708    
   10.0000000       62.5754814    
