   9.99999978E-03   74.9909973    
   1.99999996E-02   74.9909668    
   2.99999993E-02   74.9909515    
   3.99999991E-02   74.9909363    
   4.99999970E-02   74.9909286    
   5.99999987E-02   74.9909286    
   7.00000003E-02   74.9909286    
   7.99999982E-02   74.9909286    
   8.99999961E-02   74.9909210    
   9.99999940E-02   74.9909210    
  0.109999999       74.9909210    
  0.119999997       74.9909210    
  0.129999995       74.9909134    
  0.140000001       74.9909210    
  0.149999991       74.9909210    
  0.159999996       74.9909210    
  0.170000002       74.9909210    
  0.179999992       74.9909210    
  0.189999998       74.9909210    
  0.199999988       74.9909210    
  0.209999993       74.9909134    
  0.219999999       74.9909210    
  0.229999989       74.9909134    
  0.239999995       74.9909134    
  0.250000000       74.9909134    
  0.259999990       74.9909134    
  0.269999981       74.9909058    
  0.280000001       74.9909134    
  0.289999992       74.9909134    
  0.299999982       74.9909210    
  0.310000002       74.9671707    
  0.319999993       74.9677277    
  0.329999983       74.9687576    
  0.340000004       74.9702225    
  0.349999994       74.9720688    
  0.359999985       74.9742203    
  0.370000005       74.9765854    
  0.379999995       74.9790726    
  0.389999986       74.9815826    
  0.399999976       74.9840012    
  0.409999996       74.9862671    
  0.419999987       74.9882660    
  0.429999977       74.9899368    
  0.439999998       74.9911804    
  0.449999988       74.9919662    
  0.459999979       74.9922714    
  0.469999999       74.9920731    
  0.479999989       74.9913635    
  0.489999980       74.9902115    
  0.500000000       74.9886398    
  0.509999990       74.9867020    
  0.519999981       74.9844818    
  0.529999971       74.9820862    
  0.539999962       74.9795685    
  0.550000012       74.9770737    
  0.560000002       74.9746857    
  0.569999993       74.9724884    
  0.579999983       74.9705811    
  0.589999974       74.9690475    
  0.599999964       74.9679337    
  0.610000014       74.9673004    
  0.620000005       74.9838409    
  0.629999995       74.9838486    
  0.639999986       74.9838486    
  0.649999976       74.9838486    
  0.659999967       74.9838409    
  0.669999957       74.9838409    
  0.680000007       74.9838409    
  0.689999998       74.9838409    
  0.699999988       74.9838409    
  0.709999979       74.9838409    
  0.719999969       74.9838333    
  0.729999959       74.9838333    
  0.740000010       74.9838333    
  0.750000000       74.9838333    
  0.759999990       74.9838333    
  0.769999981       74.9838333    
  0.779999971       74.9838333    
  0.789999962       74.9838333    
  0.799999952       74.9838333    
  0.810000002       74.9838333    
  0.819999993       74.9838333    
  0.829999983       74.9838333    
  0.839999974       74.9838333    
  0.849999964       74.9838409    
  0.859999955       74.9838409    
  0.870000005       74.9838409    
  0.879999995       74.9838409    
  0.889999986       74.9838409    
  0.899999976       74.9838333    
  0.909999967       74.9838333    
  0.919999957       74.9838333    
  0.930000007       74.9838333    
  0.939999998       74.9838333    
  0.949999988       74.9838333    
  0.959999979       74.9414597    
  0.969999969       74.9430389    
  0.979999959       74.9457855    
  0.989999950       74.9495926    
   1.00000000       74.9543076    
   1.00999999       74.9597397    
   1.01999998       74.9656677    
   1.02999997       74.9718704    
   1.03999996       74.9780884    
   1.04999995       74.9840775    
   1.05999994       74.9895935    
   1.06999993       74.9944305    
   1.07999992       74.9983902    
   1.09000003       75.0012970    
   1.10000002       75.0030518    
   1.11000001       75.0035782    
   1.12000000       75.0028687    
   1.13000000       75.0009308    
   1.13999999       74.9978485    
   1.14999998       74.9937515    
   1.15999997       74.9888000    
   1.16999996       74.9831924    
   1.17999995       74.9771500    
   1.18999994       74.9709167    
   1.19999993       74.9647369    
   1.20999992       74.9588623    
   1.22000003       74.9535370    
   1.23000002       74.9385071    
   1.24000001       74.9352646    
   1.25000000       74.9332962    
   1.25999999       74.9326859    
   1.26999998       74.9921875    
   1.27999997       74.9932632    
   1.28999996       74.9944305    
   1.29999995       74.9956436    
   1.30999994       74.9877319    
   1.31999993       74.9904404    
   1.32999992       74.9939880    
   1.33999991       74.9982071    
   1.35000002       75.0029755    
   1.36000001       75.0080948    
   1.37000000       75.0133286    
   1.38000000       75.0185318    
   1.38999999       75.0234528    
   1.39999998       75.0279312    
   1.40999997       75.0317459    
   1.41999996       75.0347672    
   1.42999995       75.0368881    
   1.43999994       75.0380402    
   1.44999993       75.0381317    
   1.45999992       75.0372238    
   1.46999991       75.0352631    
   1.48000002       75.0324249    
   1.49000001       75.0287399    
   1.50000000       75.0244141    
   1.50999999       75.0195923    
   1.51999998       75.0144806    
   1.52999997       75.0092468    
   1.53999996       74.9890213    
   1.54999995       74.9850082    
   1.55999994       74.9819489    
   1.56999993       74.9800262    
   1.57999992       74.9792633    
   1.58999991       74.9796982    
   1.59999990       74.9813156    
   1.61000001       74.9840698    
   1.62000000       75.0377960    
   1.63000000       75.0413971    
   1.63999999       75.0447311    
   1.64999998       75.0476074    
   1.65999997       75.0499725    
   1.66999996       75.0517044    
   1.67999995       75.0527191    
   1.68999994       75.0530243    
   1.69999993       75.0525742    
   1.70999992       75.0513916    
   1.71999991       75.0495148    
   1.73000002       75.0470581    
   1.74000001       75.0440521    
   1.75000000       75.0406952    
   1.75999999       75.0370636    
   1.76999998       75.0333099    
   1.77999997       75.0295944    
   1.78999996       75.0260544    
   1.79999995       75.0228500    
   1.80999994       75.0200958    
   1.81999993       75.0179062    
   1.82999992       75.0163727    
   1.83999991       75.0155411    
   1.84999990       75.0511246    
   1.86000001       75.0511246    
   1.87000000       75.0511169    
   1.88000000       75.0511169    
   1.88999999       75.0511169    
   1.89999998       75.0511169    
   1.90999997       75.0511246    
   1.91999996       75.0511246    
   1.92999995       75.0511246    
   1.93999994       75.0511246    
   1.94999993       75.0511322    
   1.95999992       75.0511322    
   1.96999991       75.0511322    
   1.97999990       75.0511322    
   1.99000001       75.0511398    
   2.00000000       75.0511398    
   2.00999999       75.0511398    
   2.01999998       75.0511398    
   2.02999997       75.0511475    
   2.03999996       75.0511475    
   2.04999995       75.0511475    
   2.05999994       75.0511475    
   2.06999993       75.0511551    
   2.07999992       75.0511551    
   2.08999991       75.0511551    
   2.09999990       75.0511551    
   2.10999990       75.0511627    
   2.11999989       75.0511627    
   2.12999988       75.0511627    
   2.13999987       75.0511627    
   2.14999986       75.0511627    
   2.15999985       75.0511551    
   2.16999984       75.0511551    
   2.18000007       75.0511551    
   2.19000006       75.0511627    
   2.20000005       75.0511627    
   2.21000004       75.0511627    
   2.22000003       75.0511627    
   2.23000002       75.0511703    
   2.24000001       75.0511627    
   2.25000000       75.0511627    
   2.25999999       75.0511703    
   2.26999998       75.0511703    
   2.27999997       75.0511627    
   2.28999996       75.0511703    
   2.29999995       75.0511703    
   2.30999994       75.0511627    
   2.31999993       75.0511703    
   2.32999992       75.0511703    
   2.33999991       75.0511703    
   2.34999990       75.0511627    
   2.35999990       75.0511627    
   2.36999989       75.0511703    
   2.37999988       75.0511703    
   2.38999987       75.0511627    
   2.39999986       75.0511627    
   2.40999985       75.0511627    
   2.41999984       75.0511627    
   2.42999983       75.0511627    
   2.44000006       75.0511703    
   2.45000005       75.0511703    
   2.46000004       75.0511703    
   2.47000003       75.0511780    
   2.48000002       75.0511780    
   2.49000001       75.0511703    
   2.50000000       75.0511703    
   2.50999999       75.0511703    
   2.51999998       75.0511703    
   2.52999997       75.0511627    
   2.53999996       75.0511703    
   2.54999995       75.0511703    
   2.55999994       75.0511703    
   2.56999993       75.0511627    
   2.57999992       75.0511703    
   2.58999991       75.0511703    
   2.59999990       75.0511703    
   2.60999990       75.0511703    
   2.61999989       75.0511703    
   2.62999988       75.0511703    
   2.63999987       75.0511703    
   2.64999986       75.0511703    
   2.65999985       75.0511703    
   2.66999984       75.0511703    
   2.67999983       75.0511703    
   2.69000006       75.0441513    
   2.70000005       75.0459595    
   2.71000004       75.0489273    
   2.72000003       75.0529251    
   2.73000002       75.0578079    
   2.74000001       75.0633621    
   2.75000000       75.0693741    
   2.75999999       75.0756073    
   2.76999998       75.0818405    
   2.77999997       75.0877457    
   2.78999996       75.0931778    
   2.79999995       75.0978470    
   2.80999994       75.1016541    
   2.81999993       75.1043701    
   2.82999992       75.1059036    
   2.83999991       75.1061707    
   2.84999990       75.1052246    
   2.85999990       75.1024551    
   2.86999989       75.0999146    
   2.87999988       75.0968552    
   2.88999987       75.0933380    
   2.89999986       75.0895691    
   2.90999985       75.0857086    
   2.91999984       75.0818405    
   2.92999983       75.0782089    
   2.93999982       75.0748749    
   2.95000005       75.0720367    
   2.96000004       75.0697784    
   2.97000003       75.0681763    
   2.98000002       75.0673141    
   2.99000001       75.0672226    
   3.00000000       75.1292648    
   3.00999999       75.1293640    
   3.01999998       75.1289673    
   3.02999997       75.1280899    
   3.03999996       75.1267624    
   3.04999995       75.1250305    
   3.05999994       75.1229782    
   3.06999993       75.1206741    
   3.07999992       75.1182175    
   3.08999991       75.1157150    
   3.09999990       75.1132507    
   3.10999990       75.1109238    
   3.11999989       75.1088409    
   3.12999988       75.1070709    
   3.13999987       75.1056976    
   3.14999986       75.1047668    
   3.15999985       75.1043167    
   3.16999984       75.1284409    
   3.17999983       75.1284409    
   3.18999982       75.0800705    
   3.19999981       75.0811691    
   3.21000004       75.0833206    
   3.22000003       75.0864182    
   3.23000002       75.0903091    
   3.24000001       75.0948410    
   3.25000000       75.0998306    
   3.25999999       75.1050720    
   3.26999998       75.1103745    
   3.27999997       75.1155167    
   3.28999996       75.1203232    
   3.29999995       75.1245956    
   3.30999994       75.1281815    
   3.31999993       75.1309357    
   3.32999992       75.1327667    
   3.33999991       75.1335907    
   3.34999990       75.1333923    
   3.35999990       75.1321716    
   3.36999989       75.1299744    
   3.37999988       75.1269073    
   3.38999987       75.1230850    
   3.39999986       75.1186523    
   3.40999985       75.1138000    
   3.41999984       75.1087036    
   3.42999983       75.1035690    
   3.43999982       75.0986099    
   3.44999981       75.0940170    
   3.46000004       75.0899582    
   3.47000003       75.0866089    
   3.48000002       75.0840912    
   3.49000001       75.0825119    
   3.50000000       75.0819244    
   3.50999999       75.0833054    
   3.51999998       75.0833054    
   3.52999997       75.0833054    
   3.53999996       75.0833054    
   3.54999995       75.0833130    
   3.55999994       75.0833130    
   3.56999993       75.0833130    
   3.57999992       75.0833130    
   3.58999991       75.0833130    
   3.59999990       75.0833206    
   3.60999990       75.0833206    
   3.61999989       75.0833206    
   3.62999988       75.0833206    
   3.63999987       75.0833206    
   3.64999986       75.0833206    
   3.65999985       75.0833206    
   3.66999984       75.0833206    
   3.67999983       75.0551910    
   3.68999982       75.0562134    
   3.69999981       75.0579834    
   3.70999980       75.0604401    
   3.72000003       75.0635147    
   3.73000002       75.0671158    
   3.74000001       75.0711288    
   3.75000000       75.0754395    
   3.75999999       75.0799408    
   3.76999998       75.0845032    
   3.77999997       75.0889969    
   3.78999996       75.0932846    
   3.79999995       75.0972061    
   3.80999994       75.1005478    
   3.81999993       75.1029968    
   3.82999992       75.1040268    
   3.83999991       75.1027451    
   3.84999990       75.0976486    
   3.85999990       75.0861816    
   3.86999989       75.0643082    
   3.87999988       75.0261459    
   3.88999987       74.9648895    
   3.89999986       74.8775940    
   3.90999985       74.7790604    
   3.91999984       74.7291260    
   3.92999983       74.8576889    
   3.93999982       75.3217545    
   3.94999981       76.1329498    
   3.95999980       77.0268173    
   3.97000003       77.6703262    
   3.98000002       77.9605026    
   3.99000001       78.0637360    
   4.00000000       78.0746384    
   4.00999975       78.0808029    
   4.01999998       78.0826187    
   4.02999973       78.0824203    
   4.03999996       78.0816879    
   4.04999971       78.0810165    
   4.05999994       78.0805740    
   4.06999969       78.0803528    
   4.07999992       78.0803375    
   4.08999968       78.0805359    
   4.09999990       78.0809860    
   4.11000013       78.0817490    
   4.11999989       78.0828476    
   4.13000011       78.0839233    
   4.13999987       78.0829086    
   4.15000010       78.0699081    
   4.15999985       78.0002136    
   4.17000008       77.6945801    
   4.17999983       77.0325394    
   4.19000006       79.5988998    
   4.19999981       76.9635315    
   4.21000004       77.2734146    
   4.21999979       77.7095032    
   4.23000002       77.8195953    
   4.23999977       77.8418121    
   4.25000000       77.8447418    
   4.25999975       77.8439178    
   4.26999998       77.8427200    
   4.27999973       77.8417816    
   4.28999996       77.8411331    
   4.29999971       77.8407059    
   4.30999994       77.8404236    
   4.31999969       77.8402328    
   4.32999992       77.8401108    
   4.33999968       77.8400269    
   4.34999990       77.8399734    
   4.36000013       77.8399277    
   4.36999989       77.8399048    
   4.38000011       77.8398819    
   4.38999987       77.8398666    
   4.40000010       77.7921371    
   4.40999985       77.7937851    
   4.42000008       77.7966766    
   4.42999983       77.8007050    
   4.44000006       77.8056946    
   4.44999981       77.8114548    
   4.46000004       77.8177567    
   4.46999979       77.8243484    
   4.48000002       77.8309555    
   4.48999977       77.8373260    
   4.50000000       77.8432007    
   4.50999975       77.8483505    
   4.51999998       77.8525543    
   4.52999973       77.8556671    
   4.53999996       77.8575592    
   4.54999971       77.8581467    
   4.55999994       77.8573990    
   4.56999969       77.8553543    
   4.57999992       77.8521042    
   4.58999968       77.8477631    
   4.59999990       77.8425217    
   4.61000013       77.8365707    
   4.61999989       77.8301544    
   4.63000011       77.8235321    
   4.63999987       77.8169632    
   4.65000010       77.8049316    
   4.65999985       77.7993698    
   4.67000008       77.7947464    
   4.67999983       77.7912445    
   4.69000006       77.7890091    
   4.69999981       77.7881317    
   4.71000004       77.8497162    
   4.71999979       77.8504639    
   4.73000002       77.8512268    
   4.73999977       77.8519745    
   4.75000000       77.8526840    
   4.75999975       77.8533249    
   4.76999998       77.8538742    
   4.77999973       77.8542938    
   4.78999996       77.8545837    
   4.79999971       77.8547287    
   4.80999994       77.8547211    
   4.81999969       77.8545609    
   4.82999992       77.8542557    
   4.83999968       77.8538208    
   4.84999990       77.8532639    
   4.85999966       77.8526230    
   4.86999989       77.7779770    
   4.88000011       77.7786026    
   4.88999987       77.7807159    
   4.90000010       77.7842407    
   4.90999985       77.7890320    
   4.92000008       77.7948990    
   4.92999983       77.8015976    
   4.94000006       77.8088684    
   4.94999981       77.8164291    
   4.96000004       77.8239594    
   4.96999979       77.8350372    
   4.98000002       77.8414841    
   4.98999977       77.8469009    
   5.00000000       77.8510742    
   5.00999975       77.8538895    
   5.01999998       77.8551483    
   5.02999973       77.8548584    
   5.03999996       77.8530197    
   5.04999971       77.8497009    
   5.05999994       77.8450623    
   5.06999969       77.8392334    
   5.07999992       77.8325119    
   5.08999968       77.8251572    
   5.09999990       77.8174133    
   5.10999966       77.8096313    
   5.11999989       77.8021011    
   5.13000011       77.7951050    
   5.13999987       77.7889557    
   5.15000010       77.7838974    
   5.15999985       77.7801285    
   5.17000008       77.7777863    
   5.17999983       77.7769775    
   5.19000006       77.7825623    
   5.19999981       77.7825623    
   5.21000004       77.7825623    
   5.21999979       77.7825699    
   5.23000002       77.7825775    
   5.23999977       77.7825851    
   5.25000000       77.7825851    
   5.25999975       77.7825928    
   5.26999998       77.7825928    
   5.27999973       77.7825928    
   5.28999996       77.7825928    
   5.29999971       77.7825928    
   5.30999994       77.7826004    
   5.31999969       77.7826080    
   5.32999992       77.7826157    
   5.33999968       77.7826233    
   5.34999990       77.7826309    
   5.35999966       77.7826385    
   5.36999989       77.7826385    
   5.38000011       77.7826462    
   5.38999987       77.7826538    
   5.40000010       77.7826614    
   5.40999985       77.7826691    
   5.42000008       77.7826843    
   5.42999983       77.7826996    
   5.44000006       77.7827377    
   5.44999981       77.7827835    
   5.46000004       77.7828598    
   5.46999979       77.7830048    
   5.48000002       77.7832489    
   5.48999977       77.7837296    
   5.50000000       77.7846909    
   5.50999975       77.7866745    
   5.51999998       77.7906799    
   5.52999973       77.7968216    
   5.53999996       77.7832184    
   5.54999971       77.4377594    
   5.55999994       72.9727249    
   5.56999969       109.752563    
   5.57999992       137.731033    
   5.58999968       139.510529    
   5.59999990       139.520081    
   5.60999966       139.506088    
   5.61999989       139.500793    
   5.62999964       139.498901    
   5.63999987       139.498169    
   5.65000010       139.497864    
   5.65999985       139.497726    
   5.67000008       139.497665    
   5.67999983       139.497650    
   5.69000006       139.497635    
   5.69999981       139.497620    
   5.71000004       139.497604    
   5.71999979       139.497604    
   5.73000002       139.497589    
   5.73999977       139.497574    
   5.75000000       139.497574    
   5.75999975       139.497589    
   5.76999998       139.497574    
   5.77999973       139.497559    
   5.78999996       139.497559    
   5.79999971       139.497574    
   5.80999994       139.497589    
   5.81999969       139.497604    
   5.82999992       139.497604    
   5.83999968       139.497620    
   5.84999990       139.497620    
   5.85999966       139.497620    
   5.86999989       139.497620    
   5.87999964       139.389694    
   5.88999987       139.388962    
   5.90000010       139.394257    
   5.90999985       139.402344    
   5.92000008       139.412872    
   5.92999983       139.425430    
   5.94000006       139.439499    
   5.94999981       139.454529    
   5.96000004       139.470001    
   5.96999979       139.485153    
   5.98000002       139.487350    
   5.98999977       139.500473    
   6.00000000       139.511871    
   6.00999975       139.521149    
   6.01999998       139.527924    
   6.02999973       139.531830    
   6.03999996       139.532852    
   6.04999971       139.530792    
   6.05999994       139.525864    
   6.06999969       139.518188    
   6.07999992       139.508072    
   6.08999968       139.496033    
   6.09999990       139.482452    
   6.10999966       139.467834    
   6.11999989       139.452820    
   6.12999964       139.438004    
   6.13999987       139.423996    
   6.15000010       139.411316    
   6.15999985       139.400497    
   6.17000008       139.297028    
   6.17999983       139.294678    
   6.19000006       139.297791    
   6.19999981       139.373444    
   6.21000004       139.382843    
   6.21999979       139.393845    
   6.23000002       139.406021    
   6.23999977       139.418884    
   6.25000000       139.428192    
   6.25999975       139.440964    
   6.26999998       139.453003    
   6.27999973       139.463837    
   6.28999996       139.474777    
   6.29999971       139.481812    
   6.30999994       139.486313    
   6.31999969       139.488083    
   6.32999992       139.487061    
   6.33999968       139.483292    
   6.34999990       139.476944    
   6.35999966       139.468231    
   6.36999989       139.457520    
   6.37999964       139.445236    
   6.38999987       139.431885    
   6.39999962       139.417969    
   6.40999985       139.404068    
   6.42000008       139.390732    
   6.42999983       139.378494    
   6.44000006       139.367844    
   6.44999981       139.359192    
   6.46000004       139.352890    
   6.46999979       139.349197    
   6.48000002       139.480576    
   6.48999977       139.479965    
   6.50000000       139.479370    
   6.50999975       139.478806    
   6.51999998       139.478302    
   6.52999973       139.477890    
   6.53999996       139.477570    
   6.54999971       139.477371    
   6.55999994       139.477280    
   6.56999969       139.481430    
   6.57999992       139.481430    
   6.58999968       139.481415    
   6.59999990       139.481415    
   6.60999966       139.481415    
   6.61999989       139.481415    
   6.62999964       139.481415    
   6.63999987       139.481415    
   6.64999962       139.481415    
   6.65999985       139.481415    
   6.67000008       139.481400    
   6.67999983       139.481400    
   6.69000006       139.481400    
   6.69999981       139.481400    
   6.71000004       139.481400    
   6.71999979       139.481384    
   6.73000002       139.481384    
   6.73999977       139.481384    
   6.75000000       139.481369    
   6.75999975       139.481369    
   6.76999998       139.481354    
   6.77999973       139.481369    
   6.78999996       139.481369    
   6.79999971       139.481384    
   6.80999994       139.481400    
   6.81999969       139.481400    
   6.82999992       139.481400    
   6.83999968       139.481400    
   6.84999990       139.481384    
   6.85999966       139.481384    
   6.86999989       139.481400    
   6.87999964       139.481400    
   6.88999987       139.481400    
   6.89999962       139.481400    
   6.90999985       139.481400    
   6.92000008       139.481415    
   6.92999983       139.481415    
   6.94000006       139.481430    
   6.94999981       139.481415    
   6.96000004       139.481415    
   6.96999979       139.481415    
   6.98000002       139.481415    
   6.98999977       139.481430    
   7.00000000       139.481430    
   7.00999975       139.481430    
   7.01999998       139.481415    
   7.02999973       139.481415    
   7.03999996       139.481415    
   7.04999971       139.481415    
   7.05999994       139.481415    
   7.06999969       139.481415    
   7.07999992       139.481415    
   7.08999968       139.481430    
   7.09999990       139.481430    
   7.10999966       139.481415    
   7.11999989       139.481415    
   7.12999964       139.481400    
   7.13999987       139.446365    
   7.14999962       139.447037    
   7.15999985       139.448395    
   7.17000008       139.450378    
   7.17999983       139.452881    
   7.19000006       139.455826    
   7.19999981       139.370010    
   7.21000004       139.376617    
   7.21999979       139.385605    
   7.23000002       139.396606    
   7.23999977       139.409225    
   7.25000000       139.422913    
   7.25999975       139.437149    
   7.26999998       139.451355    
   7.27999973       139.464981    
   7.28999996       139.477463    
   7.29999971       139.488312    
   7.30999994       139.497086    
   7.31999969       139.503448    
   7.32999992       139.507126    
   7.33999968       139.507996    
   7.34999990       139.506027    
   7.35999966       139.501282    
   7.36999989       139.493958    
   7.37999964       139.484314    
   7.38999987       139.472763    
   7.39999962       139.459793    
   7.40999985       139.445862    
   7.41999960       139.374924    
   7.42999983       139.362549    
   7.44000006       139.353683    
   7.44999981       139.356171    
   7.46000004       139.354813    
   7.46999979       139.356857    
   7.48000002       139.362213    
   7.48999977       139.370682    
   7.50000000       139.381958    
   7.50999975       139.510513    
   7.51999998       139.523697    
   7.52999973       139.535660    
   7.53999996       139.545914    
   7.54999971       139.554092    
   7.55999994       139.559830    
   7.56999969       139.562866    
   7.57999992       139.563095    
   7.58999968       139.560593    
   7.59999990       139.555374    
   7.60999966       139.547623    
   7.61999989       139.537659    
   7.62999964       139.525909    
   7.63999987       139.512924    
   7.64999962       139.499146    
   7.65999985       139.485046    
   7.66999960       139.471298    
   7.67999983       139.458405    
   7.69000006       139.446884    
   7.69999981       139.437225    
   7.71000004       139.429764    
   7.71999979       139.424835    
   7.73000002       139.422623    
   7.73999977       139.538361    
   7.75000000       139.538376    
   7.75999975       139.538376    
   7.76999998       139.538376    
   7.77999973       139.538391    
   7.78999996       139.538406    
   7.79999971       139.538422    
   7.80999994       139.538452    
   7.81999969       139.538483    
   7.82999992       139.538498    
   7.83999968       139.538513    
   7.84999990       139.538513    
   7.85999966       139.538483    
   7.86999989       139.538422    
   7.87999964       139.538315    
   7.88999987       139.538162    
   7.89999962       139.538010    
   7.90999985       139.537888    
   7.91999960       139.537827    
   7.92999983       139.537888    
   7.94000006       139.538010    
   7.94999981       139.538162    
   7.96000004       139.538300    
   7.96999979       139.538406    
   7.98000002       139.538467    
   7.98999977       139.538498    
   8.00000000       139.538483    
   8.01000023       139.538467    
   8.01999950       139.538452    
   8.02999973       139.538422    
   8.03999996       139.538406    
   8.05000019       139.538391    
   8.05999947       139.538361    
   8.06999969       139.538345    
   8.07999992       139.538330    
   8.09000015       139.538330    
   8.09999943       139.538330    
   8.10999966       139.538315    
   8.11999989       139.538330    
   8.13000011       139.538330    
   8.13999939       139.538330    
   8.14999962       139.538315    
   8.15999985       139.538330    
   8.17000008       139.538345    
   8.17999935       139.538345    
   8.18999958       139.538345    
   8.19999981       139.538345    
   8.21000004       139.538361    
   8.22000027       139.538361    
   8.22999954       139.538361    
   8.23999977       139.538361    
   8.25000000       139.538361    
   8.26000023       139.528793    
   8.26999950       139.529602    
   8.27999973       139.530960    
   8.28999996       139.532791    
   8.30000019       139.535049    
   8.30999947       139.537613    
   8.31999969       139.540421    
   8.32999992       139.543335    
   8.34000015       139.546234    
   8.34999943       139.549011    
   8.35999966       139.551529    
   8.36999989       139.553741    
   8.38000011       139.555542    
   8.38999939       139.556854    
   8.39999962       139.557617    
   8.40999985       139.557800    
   8.42000008       139.557388    
   8.42999935       139.556427    
   8.43999958       139.554916    
   8.44999981       139.552948    
   8.46000004       139.550598    
   8.47000027       139.547943    
   8.47999954       139.545105    
   8.48999977       139.542191    
   8.50000000       139.539322    
   8.51000023       139.419891    
   8.51999950       139.419586    
   8.52999973       139.422073    
   8.53999996       139.427216    
   8.55000019       139.434799    
   8.55999947       139.444519    
   8.56999969       139.485138    
   8.57999992       139.497437    
   8.59000015       139.509964    
   8.59999943       139.522217    
   8.60999966       139.533752    
   8.61999989       139.544037    
   8.63000011       139.552689    
   8.63999939       139.559433    
   8.64999962       139.563934    
   8.65999985       139.566010    
   8.67000008       139.565582    
   8.67999935       139.422256    
   8.68999958       139.419754    
   8.69999981       139.417770    
   8.71000004       139.416428    
   8.72000027       139.415771    
   8.72999954       139.415817    
   8.73999977       139.416550    
   8.75000000       139.417923    
   8.76000023       139.419891    
   8.76999950       139.422394    
   8.77999973       139.425339    
   8.78999996       139.428589    
   8.80000019       139.432037    
   8.80999947       139.435532    
   8.81999969       139.438919    
   8.82999992       139.456360    
   8.84000015       139.455521    
   8.84999943       139.451935    
   8.85999966       139.445709    
   8.86999989       139.437103    
   8.88000011       139.426453    
   8.88999939       139.414200    
   8.89999962       139.400833    
   8.90999985       139.386887    
   8.92000008       139.372910    
   8.92999935       139.359482    
   8.93999958       139.347153    
   8.94999981       139.336441    
   8.96000004       139.327820    
   8.97000027       139.321716    
   8.97999954       139.318405    
   8.98999977       139.365463    
   9.00000000       139.366135    
   9.01000023       139.365814    
   9.01999950       139.363373    
   9.02999973       139.359314    
   9.03999996       139.356857    
   9.05000019       139.357086    
   9.05999947       139.356857    
   9.06999969       139.357498    
   9.07999992       139.361099    
   9.09000015       139.364716    
   9.09999943       139.366150    
   9.10999966       139.365906    
   9.11999989       139.365097    
   9.13000011       139.364334    
   9.13999939       139.363785    
   9.14999962       139.363434    
   9.15999985       139.363205    
   9.17000008       139.363068    
   9.17999935       139.362991    
   9.18999958       139.362930    
   9.19999981       139.362900    
   9.21000004       139.362885    
   9.22000027       139.362854    
   9.22999954       139.362839    
   9.23999977       139.362823    
   9.25000000       139.362823    
   9.26000023       139.362808    
   9.26999950       139.362808    
   9.27999973       139.362808    
   9.28999996       139.362793    
   9.30000019       139.362793    
   9.30999947       139.362793    
   9.31999969       139.362808    
   9.32999992       139.362808    
   9.34000015       139.362808    
   9.34999943       139.344711    
   9.35999966       139.345581    
   9.36999989       139.347061    
   9.38000011       139.349091    
   9.38999939       139.351593    
   9.39999962       139.354477    
   9.40999985       139.357590    
   9.42000008       139.360840    
   9.42999935       139.364105    
   9.43999958       139.367249    
   9.44999981       139.364136    
   9.46000004       139.366837    
   9.46999931       139.369339    
   9.47999954       139.371536    
   9.48999977       139.373337    
   9.50000000       139.374695    
   9.51000023       139.375519    
   9.51999950       139.375809    
   9.52999973       139.375549    
   9.53999996       139.374756    
   9.55000019       139.373444    
   9.55999947       139.371674    
   9.56999969       139.369507    
   9.57999992       139.367050    
   9.59000015       139.364380    
   9.59999943       139.361618    
   9.60999966       139.358856    
   9.61999989       139.356216    
   9.63000011       139.353790    
   9.63999939       139.351654    
   9.64999962       139.349869    
   9.65999985       139.380585    
   9.67000008       139.379028    
   9.67999935       139.377228    
   9.68999958       139.375153    
   9.69999981       139.372772    
   9.71000004       139.369995    
   9.71999931       139.366653    
   9.72999954       139.362534    
   9.73999977       139.357391    
   9.75000000       139.350967    
   9.76000023       139.343155    
   9.76999950       139.349686    
   9.77999973       139.349289    
   9.78999996       139.348572    
   9.80000019       139.347702    
   9.80999947       139.346939    
   9.81999969       139.346512    
   9.82999992       139.332077    
   9.84000015       139.336380    
   9.84999943       139.343292    
   9.85999966       139.352219    
   9.86999989       139.362640    
   9.88000011       139.374084    
   9.88999939       139.386200    
   9.89999962       139.398590    
   9.90999985       139.410843    
   9.92000008       139.422516    
   9.92999935       139.411667    
   9.93999958       139.425034    
   9.94999981       139.439240    
   9.96000004       139.453720    
   9.96999931       139.467880    
   9.97999954       139.481201    
   9.98999977       139.493073    
   10.0000000       139.503098    
