   1.99999996E-02   49.9999504    
   3.99999991E-02   49.9999504    
   5.99999987E-02   49.9999466    
   7.99999982E-02   49.9999466    
   9.99999940E-02   49.9999428    
  0.119999997       49.9999428    
  0.140000001       49.9999428    
  0.159999996       49.9999428    
  0.179999992       49.9999466    
  0.199999988       49.9999466    
  0.219999999       49.9999466    
  0.239999995       49.9999504    
  0.259999990       49.9999542    
  0.280000001       49.9999657    
  0.299999982       49.9999809    
  0.319999993       50.0000114    
  0.340000004       50.0000687    
  0.359999985       50.0001831    
  0.379999995       50.0004311    
  0.399999976       50.0009842    
  0.419999987       50.0023117    
  0.439999998       50.0056953    
  0.459999979       50.0143280    
  0.479999989       50.0265999    
  0.500000000       49.7725716    
  0.519999981       43.5066948    
  0.539999962       63.1865044    
  0.560000002       98.5131607    
  0.579999983       98.5369873    
  0.599999964       98.5090408    
  0.620000005       98.5033798    
  0.639999986       98.5020370    
  0.659999967       98.5016556    
  0.680000007       98.5015411    
  0.699999988       98.5014954    
  0.719999969       98.5014877    
  0.740000010       98.5014801    
  0.759999990       98.5014725    
  0.779999971       98.5014725    
  0.799999952       98.5014801    
  0.819999993       98.5014725    
  0.839999974       98.5014648    
  0.859999955       98.5014648    
  0.879999995       98.5014725    
  0.899999976       98.5014801    
  0.919999957       98.5014801    
  0.939999998       98.5014877    
  0.959999979       98.5014877    
  0.979999959       98.5014877    
   1.00000000       98.5014877    
   1.01999998       98.5014954    
   1.03999996       98.5014954    
   1.05999994       98.5014954    
   1.07999992       98.4650650    
   1.10000002       98.4951706    
   1.12000000       98.5792694    
   1.13999999       98.7040634    
   1.15999997       98.8497391    
   1.17999995       98.9932632    
   1.19999993       99.1119232    
   1.22000003       99.1868362    
   1.24000001       99.2061691    
   1.25999999       99.1669388    
   1.27999997       99.0752563    
   1.29999995       98.9457245    
   1.31999993       98.7988129    
   1.33999991       98.6577606    
   1.36000001       98.5449677    
   1.38000000       98.4782867    
   1.39999998       99.1218262    
   1.41999996       99.1218262    
   1.43999994       99.1218262    
   1.45999992       99.1218262    
   1.48000002       99.1218262    
   1.50000000       99.1218262    
   1.51999998       99.1218185    
   1.53999996       99.1218185    
   1.55999994       99.1218185    
   1.57999992       99.1218109    
   1.59999990       99.1218033    
   1.62000000       99.1317368    
   1.63999999       99.1601486    
   1.65999997       99.2024918    
   1.67999995       99.2520218    
   1.69999993       99.3009109    
   1.71999991       99.3414230    
   1.74000001       99.3671417    
   1.75999999       99.3740005    
   1.77999997       99.3609161    
   1.79999995       99.3300018    
   1.81999993       99.2862320    
   1.83999991       99.2369156    
   1.86000001       99.1913605    
   1.88000000       99.1643677    
   1.89999998       99.1944580    
   1.91999996       97.5239410    
   1.93999994       9631.73828    
   1.95999992       39784.7070    
   1.97999990       39561.1719    
   2.00000000       39601.2891    
   2.01999998       39664.9766    
   2.03999996       39742.1445    
   2.05999994       39820.5664    
   2.07999992       39887.8320    
   2.09999990       39933.2734    
   2.11999989       39949.6992    
   2.13999987       39934.5078    
   2.15999985       39890.1055    
   2.18000007       39823.5195    
   2.20000005       39745.3047    
   2.22000003       39667.8438    
   2.24000001       39603.4141    
   2.25999999       39562.2148    
   2.27999997       39741.7344    
   2.29999995       39674.7031    
   2.31999993       39608.6523    
   2.33999991       39245.3398    
   2.35999990       39279.7969    
   2.37999988       39339.1758    
   2.39999986       39414.0703    
   2.41999984       39492.6172    
   2.44000006       39562.3750    
   2.46000004       39612.2930    
   2.48000002       39634.4609    
   2.50000000       39625.3789    
   2.51999998       39586.4766    
   2.53999996       39523.9141    
   2.55999994       39447.6016    
   2.57999992       39369.6367    
   2.59999990       39302.3594    
   2.61999989       39256.4297    
   2.63999987       39239.1250    
   2.65999985       39317.7773    
   2.67999983       39317.8633    
   2.70000005       38936.6641    
   2.72000003       38964.9766    
   2.74000001       39019.4805    
   2.75999999       39091.5469    
   2.77999997       39169.7539    
   2.79999995       39241.7227    
   2.81999993       39296.0430    
   2.83999991       39324.1133    
   2.85999990       39321.4961    
   2.87999988       39288.5898    
   2.89999986       39230.6211    
   2.91999984       39156.7656    
   2.93999982       39078.7227    
   2.96000004       39008.8555    
   2.98000002       38958.2344    
   3.00000000       38934.8750    
   3.01999998       39233.9180    
   3.03999996       39233.9102    
   3.05999994       38968.0742    
   3.07999992       38990.2344    
   3.09999990       39039.9180    
   3.11999989       39109.2617    
   3.13999987       39187.2773    
   3.15999985       39261.6055    
   3.17999983       39320.4766    
   3.19999981       39354.5547    
   3.22000003       39358.4570    
   3.24000001       39331.5547    
   3.25999999       39278.1133    
   3.27999997       39206.5977    
   3.29999995       39128.3320    
   3.31999993       39055.7148    
   3.33999991       39000.2539    
   3.35999990       38970.7266    
   3.37999988       39358.7695    
   3.39999986       39358.5430    
   3.41999984       39337.3516    
   3.43999982       39353.4961    
   3.46000004       39398.5273    
   3.48000002       39465.3203    
   3.50000000       39543.2891    
   3.51999998       39620.0898    
   3.53999996       39683.5547    
   3.55999994       39723.6211    
   3.57999992       39733.9570    
   3.59999990       39712.9219    
   3.61999989       39663.8398    
   3.63999987       39594.4961    
   3.65999985       39515.8633    
   3.67999983       39440.4062    
   3.69999981       39380.0742    
   3.72000003       39344.4258    
   3.74000001       39689.3398    
   3.75999999       70513.0781    
   3.77999997       108448.945    
   3.79999995       108516.750    
   3.81999993       108659.969    
   3.83999991       108855.906    
   3.85999990       109073.547    
   3.87999988       109278.398    
   3.89999986       109438.016    
   3.91999984       109526.945    
   3.93999982       109531.445    
   3.95999980       109450.617    
   3.98000002       109297.258    
   4.00000000       109095.688    
   4.01999998       108877.805    
   4.03999996       108678.148    
   4.05999994       108528.328    
   4.07999992       108452.062    
   4.09999990       109489.906    
   4.11999989       109109.719    
   4.13999987       109161.531    
   4.15999985       109292.336    
   4.17999983       109481.398    
   4.19999981       109698.789    
   4.21999979       109910.133    
   4.23999977       110081.828    
   4.25999975       110186.719    
   4.27999973       110208.195    
   4.29999971       110142.867    
   4.31999969       110001.070    
   4.33999968       109805.266    
   4.36000013       109586.484    
   4.38000011       109379.359    
   4.40000010       109216.703    
   4.42000008       109124.297    
   4.44000006       110178.492    
   4.46000004       110178.492    
   4.48000002       109846.609    
   4.50000000       109964.625    
   4.51999998       110146.023    
   4.53999996       110362.070    
   4.55999994       110578.547    
   4.57999992       110761.148    
   4.59999990       110880.961    
   4.61999989       110919.000    
   4.63999987       110869.258    
   4.65999985       110739.586    
   4.67999983       110550.555    
   4.69999981       110332.078    
   4.71999979       110118.781    
   4.73999977       109944.445    
   4.75999975       109836.688    
   4.77999973       110587.141    
   4.79999971       110587.141    
   4.81999969       109725.852    
   4.83999968       109829.711    
   4.85999966       110001.188    
   4.88000011       110213.125    
   4.90000010       110431.961    
   4.92000008       110623.008    
   4.94000006       110756.031    
   4.96000004       110809.961    
   4.98000002       110776.219    
   5.00000000       110660.180    
   5.01999998       110480.219    
   5.03999996       110264.844    
   5.05999994       110048.148    
   5.07999992       109864.484    
   5.09999990       109742.945    
   5.11999989       109882.602    
   5.13999987       109882.602    
   5.15999985       108801.719    
   5.17999983       108889.742    
   5.19999981       109048.859    
   5.21999979       109253.859    
   5.23999977       109472.258    
   5.25999975       109669.469    
   5.27999973       109814.242    
   5.29999971       109883.656    
   5.31999969       109866.727    
   5.33999968       109766.125    
   5.35999966       109597.781    
   5.38000011       109388.367    
   5.40000010       109171.047    
   5.42000008       108980.266    
   5.44000006       108846.219    
   5.46000004       108790.156    
   5.48000002       109328.570    
   5.50000000       108342.008    
   5.51999998       108413.836    
   5.53999996       108560.141    
   5.55999994       108757.742    
   5.57999992       108975.336    
   5.59999990       109178.469    
   5.61999989       109334.945    
   5.63999987       109419.992    
   5.65999985       109420.141    
   5.67999983       109335.344    
   5.69999981       109179.062    
   5.71999979       108976.047    
   5.73999977       108758.445    
   5.75999975       108560.719    
   5.77999973       108414.195    
   5.79999971       108342.086    
   5.81999969       109331.297    
   5.83999968       108800.906    
   5.85999966       108856.719    
   5.87999964       108990.555    
   5.90000010       109181.219    
   5.92000008       109398.523    
   5.94000006       109608.039    
   5.96000004       109776.578    
   5.98000002       109877.438    
   6.00000000       109894.656    
   6.01999998       109825.500    
   6.03999996       109680.914    
   6.05999994       109483.805    
   6.07999992       109265.398    
   6.09999990       109060.297    
   6.11999989       108900.984    
   6.13999987       108812.680    
   6.15999985       109892.492    
   6.17999983       109892.492    
   6.19999981       109739.961    
   6.21999979       109861.078    
   6.23999977       110044.586    
   6.25999975       110261.234    
   6.27999973       110476.703    
   6.29999971       110656.875    
   6.31999969       110773.180    
   6.33999968       110807.234    
   6.35999966       110753.602    
   6.37999964       110620.812    
   6.39999962       110429.875    
   6.42000008       110211.055    
   6.44000006       109999.000    
   6.46000004       109827.305    
   6.48000002       109723.164    
   6.50000000       110577.922    
   6.51999998       110577.906    
   6.53999996       109819.883    
   6.55999994       109927.391    
   6.57999992       110101.531    
   6.59999990       110314.727    
   6.61999989       110533.203    
   6.63999987       110722.359    
   6.65999985       110852.234    
   6.67999983       110902.250    
   6.69999981       110864.484    
   6.71999979       110744.930    
   6.73999977       110562.516    
   6.75999975       110346.133    
   6.77999973       110130.062    
   6.79999971       109948.516    
   6.81999969       109830.266    
   6.83999968       110150.258    
   6.85999966       110150.258    
   6.87999964       109093.648    
   6.89999962       109185.758    
   6.92000008       109348.172    
   6.94000006       109555.141    
   6.96000004       109773.891    
   6.98000002       109969.773    
   7.00000000       110111.758    
   7.01999998       110177.352    
   7.03999996       110156.172    
   7.05999994       110051.578    
   7.07999992       109880.141    
   7.09999990       109668.992    
   7.11999989       109451.594    
   7.13999987       109262.383    
   7.15999985       109131.336    
   7.17999983       109079.211    
   7.19999981       109471.164    
   7.21999979       108436.617    
   7.23999977       108512.555    
   7.25999975       108662.148    
   7.27999973       108861.688    
   7.29999971       109079.578    
   7.31999969       109281.281    
   7.33999968       109434.875    
   7.35999966       109516.016    
   7.37999964       109511.844    
   7.39999962       109423.039    
   7.41999960       109263.672    
   7.44000006       109058.961    
   7.46000004       108841.336    
   7.48000002       108645.273    
   7.50000000       108501.836    
   7.51999998       108433.742    
   7.53999996       94032.6094    
   7.55999994       79491.2891    
   7.57999992       79526.5312    
   7.59999990       79619.7578    
   7.61999989       79756.1875    
   7.63999987       79914.2188    
   7.65999985       80068.8047    
   7.67999983       80195.4844    
   7.69999981       80274.1719    
   7.71999979       80292.4141    
   7.73999977       80247.3203    
   7.75999975       80146.0234    
   7.77999973       80004.5781    
   7.79999971       79845.3828    
   7.81999969       79693.6641    
   7.83999968       79573.4531    
   7.85999966       79503.7891    
   7.87999964       80242.4062    
   7.89999962       80242.4062    
   7.91999960       79489.9453    
   7.94000006       79558.5938    
   7.96000004       79678.0547    
   7.98000002       79829.3984    
   8.00000000       79988.6484    
   8.01999950       80130.5859    
   8.03999996       80232.7188    
   8.05999947       80278.8906    
   8.07999992       80261.7656    
   8.09999943       80184.0703    
   8.11999989       80058.1016    
   8.13999939       79903.8203    
   8.15999985       79745.6641    
   8.17999935       79608.6797    
   8.19999981       79514.5703    
   8.22000027       79478.2422    
   8.23999977       8072297.00    
   8.26000023       29085252.0    
   8.27999973       29117446.0    
   8.30000019       29166116.0    
   8.31999969       29223550.0    
   8.34000015       29280650.0    
   8.35999966       29328376.0    
   8.38000011       29359164.0    
   8.39999962       29368136.0    
   8.42000008       29353874.0    
   8.43999958       29318640.0    
   8.46000004       29268010.0    
   8.47999954       29210004.0    
   8.50000000       29153812.0    
   8.51999950       29108336.0    
   8.53999996       29080776.0    
   8.55999947       29133730.0    
   8.57999992       29149530.0    
   8.59999943       29186072.0    
   8.61999989       29237568.0    
   8.63999939       29295860.0    
   8.65999985       29351716.0    
   8.67999935       29396284.0    
   8.69999981       29422508.0    
   8.72000027       29426232.0    
   8.73999977       29406870.0    
   8.76000023       29367484.0    
   8.77999973       29314314.0    
   8.80000019       29255782.0    
   8.81999969       29201162.0    
   8.84000015       29159104.0    
   8.85999966       29136274.0    
   8.88000011       29145236.0    
   8.89999962       29166078.0    
   8.92000008       29206620.0    
   8.93999958       29260444.0    
   8.96000004       29319024.0    
   8.97999954       29373080.0    
   9.00000000       29414050.0    
   9.01999950       29435442.0    
   9.03999996       29433870.0    
   9.05999947       29409578.0    
   9.07999992       29366424.0    
   9.09999943       29311236.0    
   9.11999989       29252758.0    
   9.13999939       29200256.0    
   9.15999985       29162038.0    
   9.17999935       29144160.0    
   9.19999981       29109098.0    
   9.22000027       29134768.0    
   9.23999977       29178908.0    
   9.26000023       29234524.0    
   9.27999973       29292814.0    
   9.30000019       29344538.0    
   9.31999969       29381504.0    
   9.34000015       29397862.0    
   9.35999966       29391014.0    
   9.38000011       29362046.0    
   9.39999962       29315550.0    
   9.42000008       29258888.0    
   9.43999958       29201034.0    
   9.46000004       29151154.0    
   9.47999954       29117150.0    
   9.50000000       29104406.0    
   9.51999950       29025428.0    
   9.53999996       29055654.0    
   9.55999947       29102942.0    
   9.57999992       29159804.0    
   9.59999943       29217228.0    
   9.61999989       29266124.0    
   9.63999939       29298740.0    
   9.65999985       29309916.0    
   9.67999935       29297878.0    
   9.69999981       29264532.0    
   9.71999931       29215168.0    
   9.73999977       29157594.0    
   9.76000023       29100936.0    
   9.77999973       29054170.0    
   9.80000019       29024700.0    
   9.81999969       29096368.0    
   9.84000015       29109966.0    
   9.85999966       29144674.0    
   9.88000011       29194994.0    
   9.89999962       29252956.0    
   9.92000008       29309372.0    
   9.93999958       29355318.0    
   9.96000004       29383510.0    
   9.97999954       29389480.0    
   10.0000000       29372290.0    
