   4.99999989E-03   62.5000000    
   9.99999978E-03   62.5000000    
   1.49999997E-02   62.5000000    
   1.99999996E-02   62.5000000    
   2.49999985E-02   62.5000000    
   2.99999993E-02   62.5000000    
   3.50000001E-02   62.5000000    
   3.99999991E-02   62.5000000    
   4.49999981E-02   62.5000000    
   4.99999970E-02   62.5000000    
   5.49999997E-02   62.5000000    
   5.99999987E-02   62.5000000    
   6.49999976E-02   62.5000000    
   7.00000003E-02   62.5000000    
   7.49999955E-02   62.5000000    
   7.99999982E-02   62.5000000    
   8.50000009E-02   62.5000000    
   8.99999961E-02   62.5000000    
   9.49999988E-02   62.5000000    
   9.99999940E-02   62.5000000    
  0.104999997       62.5000000    
  0.109999999       62.5000000    
  0.114999995       62.5000000    
  0.119999997       62.5000000    
  0.125000000       62.5000000    
  0.129999995       62.5000000    
  0.134999990       62.5000000    
  0.140000001       62.5000000    
  0.144999996       62.5000000    
  0.149999991       62.5000000    
  0.155000001       62.5000000    
  0.159999996       62.5000000    
  0.164999992       62.5000000    
  0.170000002       62.5000000    
  0.174999997       62.5000000    
  0.179999992       62.5000000    
  0.185000002       62.5000000    
  0.189999998       62.5000000    
  0.194999993       62.5000000    
  0.199999988       62.4999046    
  0.204999998       61.8766670    
  0.209999993       60.0384102    
  0.214999989       57.0767479    
  0.219999999       53.1393013    
  0.224999994       48.4223289    
  0.229999989       43.1609383    
  0.234999999       37.6173859    
  0.239999995       32.0679855    
  0.244999990       26.7893314    
  0.250000000       22.0445366    
  0.254999995       18.0700989    
  0.259999990       15.0641212    
  0.264999986       13.1764278    
  0.269999981       12.5011110    
  0.275000006       13.0718346    
  0.280000001       14.8601542    
  0.284999996       17.7769356    
  0.289999992       21.6767921    
  0.294999987       26.3653412    
  0.299999982       31.6088982    
  0.305000007       37.1461029    
  0.310000002       42.7009506    
  0.314999998       47.9965744    
  0.319999993       52.7690239    
  0.324999988       56.7804222    
  0.329999983       59.8308144    
  0.334999979       61.7681694    
  0.340000004       62.4959183    
  0.344999999       62.5488319    
  0.349999994       62.5488319    
  0.354999989       62.5488319    
  0.359999985       62.5488319    
  0.364999980       62.5488319    
  0.370000005       62.5488319    
  0.375000000       62.5488319    
  0.379999995       62.5488319    
  0.384999990       62.5488319    
  0.389999986       62.5488319    
  0.394999981       62.5488319    
  0.399999976       62.5488319    
  0.405000001       62.5488319    
  0.409999996       62.5488319    
  0.414999992       62.5488319    
  0.419999987       62.5488319    
  0.424999982       62.5488319    
  0.429999977       62.5488319    
  0.435000002       62.5488319    
  0.439999998       62.5488319    
  0.444999993       62.5488319    
  0.449999988       62.5488319    
  0.454999983       62.5488319    
  0.459999979       62.5488319    
  0.465000004       62.5488319    
  0.469999999       62.5488319    
  0.474999994       62.5488319    
  0.479999989       62.5488319    
  0.484999985       62.5488319    
  0.489999980       62.5488319    
  0.494999975       62.5488319    
  0.500000000       62.5488319    
  0.504999995       62.5488319    
  0.509999990       62.5488319    
  0.514999986       62.5488319    
  0.519999981       62.5488319    
  0.524999976       62.5488319    
  0.529999971       62.5488319    
  0.534999967       62.5488319    
  0.539999962       62.5488319    
  0.545000017       62.5488319    
  0.550000012       62.5488319    
  0.555000007       62.5488319    
  0.560000002       62.5488319    
  0.564999998       62.5488319    
  0.569999993       62.5488319    
  0.574999988       62.5488319    
  0.579999983       62.5488319    
  0.584999979       62.5488319    
  0.589999974       62.5488319    
  0.594999969       62.5488319    
  0.599999964       62.5488319    
  0.604999959       62.5488319    
  0.610000014       62.5488319    
  0.615000010       62.5488319    
  0.620000005       62.5488319    
  0.625000000       62.5488319    
  0.629999995       62.5488319    
  0.634999990       62.5488319    
  0.639999986       62.5488319    
  0.644999981       62.5488319    
  0.649999976       62.5488319    
  0.654999971       62.5488319    
  0.659999967       62.5488319    
  0.664999962       62.5488319    
  0.669999957       62.5488319    
  0.675000012       62.5488319    
  0.680000007       62.5488319    
  0.685000002       62.5488319    
  0.689999998       62.5488319    
  0.694999993       62.5488319    
  0.699999988       62.5488319    
  0.704999983       62.5488319    
  0.709999979       62.5488319    
  0.714999974       62.5488319    
  0.719999969       62.5488319    
  0.724999964       62.5488319    
  0.729999959       62.5488319    
  0.734999955       62.5488319    
  0.740000010       62.5488319    
  0.745000005       62.5488319    
  0.750000000       62.5488319    
  0.754999995       62.5488319    
  0.759999990       62.5488319    
  0.764999986       62.5488319    
  0.769999981       62.5488319    
  0.774999976       62.5488319    
  0.779999971       62.5488319    
  0.784999967       62.5488319    
  0.789999962       62.5488319    
  0.794999957       62.5488319    
  0.799999952       62.5488319    
  0.805000007       62.5488319    
  0.810000002       62.5488319    
  0.814999998       62.5488319    
  0.819999993       62.5488319    
  0.824999988       62.5488319    
  0.829999983       62.5488319    
  0.834999979       62.5488319    
  0.839999974       62.5488319    
  0.844999969       62.5488319    
  0.849999964       62.5488319    
  0.854999959       62.5488319    
  0.859999955       62.5488319    
  0.865000010       62.5488319    
  0.870000005       62.5488319    
  0.875000000       62.5488319    
  0.879999995       62.5488319    
  0.884999990       62.5488319    
  0.889999986       62.5488319    
  0.894999981       62.5488319    
  0.899999976       62.5488319    
  0.904999971       62.5488319    
  0.909999967       62.5488319    
  0.914999962       62.5488319    
  0.919999957       62.5488319    
  0.924999952       62.5488319    
  0.930000007       62.5488319    
  0.935000002       62.5488319    
  0.939999998       62.5488319    
  0.944999993       62.5488319    
  0.949999988       62.5488319    
  0.954999983       62.5488319    
  0.959999979       62.5488319    
  0.964999974       62.5488319    
  0.969999969       62.5488319    
  0.974999964       62.5488319    
  0.979999959       62.5488319    
  0.984999955       62.5488319    
  0.989999950       62.5488319    
  0.995000005       62.5488319    
   1.00000000       62.5488319    
   1.00500000       62.5488319    
   1.00999999       62.5488319    
   1.01499999       62.5488319    
   1.01999998       62.5488319    
   1.02499998       62.5488319    
   1.02999997       62.5488319    
   1.03499997       62.5488319    
   1.03999996       62.5488319    
   1.04499996       62.5488319    
   1.04999995       62.5488319    
   1.05499995       62.5488319    
   1.05999994       62.5488319    
   1.06499994       62.5488319    
   1.06999993       62.5488319    
   1.07499993       62.5488319    
   1.07999992       62.5488319    
   1.08499992       62.5488319    
   1.09000003       62.5488319    
   1.09500003       62.5488319    
   1.10000002       62.5488319    
   1.10500002       62.5488319    
   1.11000001       62.5488319    
   1.11500001       62.5488319    
   1.12000000       62.5488319    
   1.12500000       62.5488319    
   1.13000000       62.5488319    
   1.13499999       62.5488319    
   1.13999999       62.5488319    
   1.14499998       62.5488319    
   1.14999998       62.5488319    
   1.15499997       62.5488319    
   1.15999997       62.5488319    
   1.16499996       62.5488319    
   1.16999996       62.5488319    
   1.17499995       62.5488319    
   1.17999995       62.5488319    
   1.18499994       62.5488319    
   1.18999994       62.5488319    
   1.19499993       62.5488319    
   1.19999993       62.5488319    
   1.20499992       62.5488319    
   1.20999992       62.5488319    
   1.21499991       62.5488319    
   1.22000003       62.5488319    
   1.22500002       62.5488319    
   1.23000002       62.5488319    
   1.23500001       62.5488319    
   1.24000001       62.5488319    
   1.24500000       62.5488319    
   1.25000000       62.5488319    
   1.25500000       62.5488319    
   1.25999999       62.5488319    
   1.26499999       62.5488319    
   1.26999998       62.5488319    
   1.27499998       62.5488319    
   1.27999997       62.5488319    
   1.28499997       62.5488319    
   1.28999996       62.5488319    
   1.29499996       62.5488319    
   1.29999995       62.5488319    
   1.30499995       62.5488319    
   1.30999994       62.5488319    
   1.31499994       62.5488319    
   1.31999993       62.5488319    
   1.32499993       62.5488319    
   1.32999992       62.5488319    
   1.33499992       62.5488319    
   1.33999991       62.5407486    
   1.34500003       61.9011879    
   1.35000002       60.0464058    
   1.35500002       57.0688438    
   1.36000001       53.1169090    
   1.36500001       48.3875961    
   1.37000000       43.1166191    
   1.37500000       37.5667076    
   1.38000000       32.0144882    
   1.38499999       26.7367020    
   1.38999999       21.9964199    
   1.39499998       18.0299129    
   1.39999998       15.0348854    
   1.40499997       13.1606216    
   1.40999997       12.5005417    
   1.41499996       13.0875473    
   1.41999996       14.8923788    
   1.42499995       17.8250771    
   1.42999995       21.7394676    
   1.43499994       26.4404392    
   1.43999994       31.6936779    
   1.44499993       37.2373428    
   1.44999993       42.7951202    
   1.45499992       48.0899887    
   1.45999992       52.8580322    
   1.46499991       56.8615875    
   1.46999991       59.9011154    
   1.47500002       61.8251076    
   1.48000002       62.5376587    
   1.48500001       62.5826225    
   1.49000001       62.5826225    
   1.49500000       62.5826225    
   1.50000000       62.5826225    
   1.50500000       62.5826225    
   1.50999999       62.5826225    
   1.51499999       62.5826225    
   1.51999998       62.5826225    
   1.52499998       62.5826225    
   1.52999997       62.5826225    
   1.53499997       62.5826225    
   1.53999996       62.5826225    
   1.54499996       62.5826225    
   1.54999995       62.5826225    
   1.55499995       62.5826225    
   1.55999994       62.5826225    
   1.56499994       62.5826225    
   1.56999993       62.5826225    
   1.57499993       62.5826225    
   1.57999992       62.5826225    
   1.58499992       62.5826225    
   1.58999991       62.5826225    
   1.59499991       62.5826225    
   1.59999990       62.5824890    
   1.60500002       62.4264641    
   1.61000001       61.9666939    
   1.61500001       61.2260971    
   1.62000000       60.2415886    
   1.62500000       59.0622406    
   1.63000000       57.7468338    
   1.63499999       56.3609352    
   1.63999999       54.9736214    
   1.64499998       53.6540413    
   1.64999998       52.4679680    
   1.65499997       51.4745216    
   1.65999997       50.7232170    
   1.66499996       50.2515030    
   1.66999996       50.0828896    
   1.67499995       50.2257881    
   1.67999995       50.6730652    
   1.68499994       51.4024353    
   1.68999994       52.3775406    
   1.69499993       53.5497780    
   1.69999993       54.8607178    
   1.70499992       56.2450218    
   1.70999992       57.6336861    
   1.71499991       58.9575005    
   1.71999991       60.1504784    
   1.72499990       61.1531525    
   1.73000002       61.9155540    
   1.73500001       62.3996773    
   1.74000001       62.5813904    
   1.74500000       62.5945053    
   1.75000000       62.5945053    
   1.75500000       62.5945053    
   1.75999999       62.5945053    
   1.76499999       62.5945053    
   1.76999998       62.5945053    
   1.77499998       62.5945053    
   1.77999997       62.5945053    
   1.78499997       62.5945053    
   1.78999996       62.5945053    
   1.79499996       62.5945053    
   1.79999995       62.5945053    
   1.80499995       62.5945053    
   1.80999994       62.5945053    
   1.81499994       62.5945053    
   1.81999993       62.5945053    
   1.82499993       62.5945053    
   1.82999992       62.5945053    
   1.83499992       62.5945053    
   1.83999991       62.5945053    
   1.84499991       62.5945053    
   1.84999990       62.5945053    
   1.85499990       62.5945053    
   1.86000001       62.5945053    
   1.86500001       62.5945053    
   1.87000000       62.5945053    
   1.87500000       62.5945053    
   1.88000000       62.5945053    
   1.88499999       62.5945053    
   1.88999999       62.5945053    
   1.89499998       62.5945053    
   1.89999998       62.5945053    
   1.90499997       62.5945053    
   1.90999997       62.5945053    
   1.91499996       62.5945053    
   1.91999996       62.5945053    
   1.92499995       62.5945053    
   1.92999995       62.5945053    
   1.93499994       62.5945053    
   1.93999994       62.5945053    
   1.94499993       62.5945053    
   1.94999993       62.5945053    
   1.95499992       62.5945053    
   1.95999992       62.5945053    
   1.96499991       62.5945053    
   1.96999991       62.5945053    
   1.97499990       62.5945053    
   1.97999990       62.5945053    
   1.98500001       62.5945053    
   1.99000001       62.5945053    
   1.99500000       62.5945053    
   2.00000000       62.5945053    
   2.00499988       62.5945053    
   2.00999999       62.5945053    
   2.01499987       62.5945053    
   2.01999998       62.5945053    
   2.02499986       62.5945053    
   2.02999997       62.5945053    
   2.03499985       62.5945053    
   2.03999996       62.5945053    
   2.04499984       62.5945053    
   2.04999995       62.5945053    
   2.05500007       62.5945053    
   2.05999994       62.5945053    
   2.06500006       62.5945053    
   2.06999993       62.5945053    
   2.07500005       62.5945053    
   2.07999992       62.5945053    
   2.08500004       62.5945053    
   2.08999991       62.5945053    
   2.09500003       62.5945053    
   2.09999990       62.5945053    
   2.10500002       62.5945053    
   2.10999990       62.5945053    
   2.11500001       62.5945053    
   2.11999989       62.5945053    
   2.12500000       62.5945053    
   2.12999988       62.5945053    
   2.13499999       62.5945053    
   2.13999987       62.5945053    
   2.14499998       62.5945053    
   2.14999986       62.5945053    
   2.15499997       62.5945053    
   2.15999985       62.5945053    
   2.16499996       62.5945053    
   2.16999984       62.5945053    
   2.17499995       62.5945053    
   2.18000007       62.5945053    
   2.18499994       62.5945053    
   2.19000006       62.5945053    
   2.19499993       62.5945053    
   2.20000005       62.5945053    
   2.20499992       62.5945053    
   2.21000004       62.5945053    
   2.21499991       62.5945053    
   2.22000003       62.5945053    
   2.22499990       62.5945053    
   2.23000002       62.5945053    
   2.23499990       62.5945053    
   2.24000001       62.5945053    
   2.24499989       62.5945053    
   2.25000000       62.5945053    
   2.25499988       62.5945053    
   2.25999999       62.5945053    
   2.26499987       62.5945053    
   2.26999998       62.5945053    
   2.27499986       62.5945053    
   2.27999997       62.5945053    
   2.28499985       62.5945053    
   2.28999996       62.5945053    
   2.29499984       62.5945053    
   2.29999995       62.5945053    
   2.30500007       62.5945053    
   2.30999994       62.5945053    
   2.31500006       62.5945053    
   2.31999993       62.5945053    
   2.32500005       62.5945053    
   2.32999992       62.5945053    
   2.33500004       62.5945053    
   2.33999991       62.5945053    
   2.34500003       62.5945053    
   2.34999990       62.5945053    
   2.35500002       62.5945053    
   2.35999990       62.5945053    
   2.36500001       62.5945053    
   2.36999989       62.5945053    
   2.37500000       62.5945053    
   2.37999988       62.5945053    
   2.38499999       62.5945053    
   2.38999987       62.5945053    
   2.39499998       62.5945053    
   2.39999986       62.5945053    
   2.40499997       62.5945053    
   2.40999985       62.5945053    
   2.41499996       62.5945053    
   2.41999984       62.5945053    
   2.42499995       62.5945053    
   2.42999983       62.5945053    
   2.43499994       62.5945053    
   2.44000006       62.5945053    
   2.44499993       62.5945053    
   2.45000005       62.5945053    
   2.45499992       62.5945053    
   2.46000004       62.5945053    
   2.46499991       62.5945053    
   2.47000003       62.5945053    
   2.47499990       62.5945053    
   2.48000002       62.5363579    
   2.48499990       61.7979088    
   2.49000001       59.8497009    
   2.49499989       56.7888412    
   2.50000000       52.7678833    
   2.50499988       47.9872551    
   2.50999999       42.6852379    
   2.51499987       37.1261101    
   2.51999998       31.5869598    
   2.52499986       26.3438702    
   2.52999997       21.6581841    
   2.53499985       17.7634468    
   2.53999996       14.8537865    
   2.54499984       13.0742302    
   2.54999995       12.5134754    
   2.55499983       13.1994715    
   2.55999994       15.0980263    
   2.56500006       18.1145115    
   2.56999993       22.0985737    
   2.57500005       26.8516331    
   2.57999992       32.1367836    
   2.58500004       37.6905861    
   2.58999991       43.2362175    
   2.59500003       48.4972572    
   2.59999990       53.2114792    
   2.60500002       57.1439095    
   2.60999990       60.0985489    
   2.61500001       61.9281158    
   2.61999989       62.5465279    
   2.62500000       62.5465279    
   2.62999988       62.5465279    
   2.63499999       62.5465279    
   2.63999987       62.5465279    
   2.64499998       62.5465279    
   2.64999986       62.5465279    
   2.65499997       62.5465279    
   2.65999985       62.5465279    
   2.66499996       62.5465279    
   2.66999984       62.5465279    
   2.67499995       62.5465279    
   2.67999983       62.5465279    
   2.68499994       62.5465279    
   2.69000006       62.5465279    
   2.69499993       62.5465279    
   2.70000005       62.5465279    
   2.70499992       62.5465279    
   2.71000004       62.5465279    
   2.71499991       62.5465279    
   2.72000003       62.5465279    
   2.72499990       62.5465279    
   2.73000002       62.5465279    
   2.73499990       62.5465279    
   2.74000001       62.5465279    
   2.74499989       62.5465279    
   2.75000000       62.5465279    
   2.75499988       62.5465279    
   2.75999999       62.5465279    
   2.76499987       62.5465279    
   2.76999998       62.5465279    
   2.77499986       62.5465279    
   2.77999997       62.5465279    
   2.78499985       62.5465279    
   2.78999996       62.5465279    
   2.79499984       62.5465279    
   2.79999995       62.5465279    
   2.80499983       62.5465279    
   2.80999994       62.5465279    
   2.81499982       62.5465279    
   2.81999993       62.5465279    
   2.82500005       62.5465279    
   2.82999992       62.5465279    
   2.83500004       62.5465279    
   2.83999991       62.5465279    
   2.84500003       62.5465279    
   2.84999990       62.5465279    
   2.85500002       62.5465279    
   2.85999990       62.5465279    
   2.86500001       62.5465279    
   2.86999989       62.5465279    
   2.87500000       62.5465279    
   2.87999988       62.5465279    
   2.88499999       62.5465279    
   2.88999987       62.5465279    
   2.89499998       62.5465279    
   2.89999986       62.5465279    
   2.90499997       62.5465279    
   2.90999985       62.5465279    
   2.91499996       62.5465279    
   2.91999984       62.5465279    
   2.92499995       62.5465279    
   2.92999983       62.5465279    
   2.93499994       62.5465279    
   2.93999982       62.5465279    
   2.94499993       62.5465279    
   2.95000005       62.5465279    
   2.95499992       62.5465279    
   2.96000004       62.5465279    
   2.96499991       62.5465279    
   2.97000003       62.5465279    
   2.97499990       62.5465279    
   2.98000002       62.5465279    
   2.98499990       62.5465279    
   2.99000001       62.5465279    
   2.99499989       62.5465279    
   3.00000000       62.5465279    
   3.00499988       62.5465279    
   3.00999999       62.5465279    
   3.01499987       62.5465279    
   3.01999998       62.5465279    
   3.02499986       62.5465279    
   3.02999997       62.5465279    
   3.03499985       62.5465279    
   3.03999996       62.5465279    
   3.04499984       62.5465279    
   3.04999995       62.5465279    
   3.05499983       62.5465279    
   3.05999994       62.5465279    
   3.06499982       62.5465279    
   3.06999993       62.5465279    
   3.07500005       62.5465279    
   3.07999992       62.5465279    
   3.08500004       62.5465279    
   3.08999991       62.5465279    
   3.09500003       62.5465279    
   3.09999990       62.5465279    
   3.10500002       62.5465279    
   3.10999990       62.5465279    
   3.11500001       62.5465279    
   3.11999989       62.5465279    
   3.12500000       62.5465279    
   3.12999988       62.5465279    
   3.13499999       62.5465279    
   3.13999987       62.5465279    
   3.14499998       62.5465279    
   3.14999986       62.5465279    
   3.15499997       62.5465279    
   3.15999985       62.5465279    
   3.16499996       62.5465279    
   3.16999984       62.5465279    
   3.17499995       62.5465279    
   3.17999983       62.5465279    
   3.18499994       62.5465279    
   3.18999982       62.5465279    
   3.19499993       62.5465279    
   3.19999981       62.5465279    
   3.20499992       62.5465279    
   3.21000004       62.5465279    
   3.21499991       62.5465279    
   3.22000003       62.5465279    
   3.22499990       62.5465279    
   3.23000002       62.5465279    
   3.23499990       62.5465279    
   3.24000001       62.5465279    
   3.24499989       62.5465279    
   3.25000000       62.5465279    
   3.25499988       62.5465279    
   3.25999999       62.5465279    
   3.26499987       62.5465279    
   3.26999998       62.5465279    
   3.27499986       62.5465279    
   3.27999997       62.5465279    
   3.28499985       62.5465279    
   3.28999996       62.5465279    
   3.29499984       62.5465279    
   3.29999995       62.5465279    
   3.30499983       62.5465279    
   3.30999994       62.5465279    
   3.31499982       62.5465279    
   3.31999993       62.5465279    
   3.32499981       62.5465279    
   3.32999992       62.5465279    
   3.33500004       62.5465279    
   3.33999991       62.5465279    
   3.34500003       62.5465279    
   3.34999990       62.5465279    
   3.35500002       62.5465279    
   3.35999990       62.5465279    
   3.36500001       62.5465279    
   3.36999989       62.5465279    
   3.37500000       62.5465279    
   3.37999988       62.5465279    
   3.38499999       62.5465279    
   3.38999987       62.5465279    
   3.39499998       62.5465279    
   3.39999986       62.5465279    
   3.40499997       62.5465279    
   3.40999985       62.5465279    
   3.41499996       62.5465279    
   3.41999984       62.5465279    
   3.42499995       62.5465279    
   3.42999983       62.5465279    
   3.43499994       62.5465279    
   3.43999982       62.5465279    
   3.44499993       62.5465279    
   3.44999981       62.5465279    
   3.45499992       62.5465279    
   3.46000004       62.5465279    
   3.46499991       62.5465279    
   3.47000003       62.5465279    
   3.47499990       62.5465279    
   3.48000002       62.5465279    
   3.48499990       62.5465279    
   3.49000001       62.5465279    
   3.49499989       62.5465279    
   3.50000000       62.5465279    
   3.50499988       62.5465279    
   3.50999999       62.5465279    
   3.51499987       62.5465279    
   3.51999998       62.5465279    
   3.52499986       62.5465279    
   3.52999997       62.5465279    
   3.53499985       62.5465279    
   3.53999996       62.5465279    
   3.54499984       62.5465279    
   3.54999995       62.5465279    
   3.55499983       62.5465279    
   3.55999994       62.5465279    
   3.56499982       62.5465279    
   3.56999993       62.5465279    
   3.57499981       62.5465279    
   3.57999992       62.5465279    
   3.58500004       62.5465279    
   3.58999991       62.5465279    
   3.59500003       62.5465279    
   3.59999990       62.5465279    
   3.60500002       62.5465279    
   3.60999990       62.5465279    
   3.61500001       62.5465279    
   3.61999989       62.4980354    
   3.62500000       61.7791634    
   3.62999988       59.8504639    
   3.63499999       56.8080750    
   3.63999987       52.8036423    
   3.64499998       48.0367622    
   3.64999986       42.7450294    
   3.65499997       37.1922073    
   3.65999985       31.6550655    
   3.66499996       26.4095993    
   3.66999984       21.7172585    
   3.67499995       17.8119259    
   3.67999983       14.8882637    
   3.68499994       13.0919952    
   3.68999982       12.5126543    
   3.69499993       13.1791162    
   3.69999981       15.0581627    
   3.70499992       18.0561352    
   3.70999980       22.0236015    
   3.71499991       26.7628117    
   3.72000003       32.0375443    
   3.72499990       37.5848885    
   3.73000002       43.1283379    
   3.73499990       48.3915939    
   3.74000001       53.0955620    
   3.74499989       56.8495979    
   3.75000000       59.3273239    
   3.75499988       60.4052429    
   3.75999999       60.0296249    
   3.76499987       58.8376923    
   3.76999998       57.5119171    
   3.77499986       56.1228828    
   3.77999997       54.7398262    
   3.78499985       53.4316864    
   3.78999996       52.2636681    
   3.79499984       51.2939835    
   3.79999995       50.5709686    
   3.80499983       50.1306610    
   3.80999994       49.9950066    
   3.81499982       50.1707726    
   3.81999993       50.6491966    
   3.82499981       51.4064293    
   3.82999992       52.4047279    
   3.83499980       53.5943336    
   3.83999991       54.9159546    
   3.84500003       56.3037148    
   3.84999990       57.6884384    
   3.85500002       59.0011101    
   3.85999990       60.1763000    
   3.86500001       61.1554298    
   3.86999989       61.8896942    
   3.87500000       62.3424950    
   3.87999988       62.4947739    
   3.88499999       62.4947739    
   3.88999987       62.4947739    
   3.89499998       62.4947739    
   3.89999986       62.4947739    
   3.90499997       62.4947739    
   3.90999985       62.4947739    
   3.91499996       62.4947739    
   3.91999984       62.4947739    
   3.92499995       62.4947739    
   3.92999983       62.4947739    
   3.93499994       62.4947739    
   3.93999982       62.4947739    
   3.94499993       62.4947739    
   3.94999981       62.4947739    
   3.95499992       62.4947739    
   3.95999980       62.4947739    
   3.96499991       62.4947739    
   3.97000003       62.4947739    
   3.97499990       62.4947739    
   3.98000002       62.4947739    
   3.98499990       62.4947739    
   3.99000001       62.4947739    
   3.99499989       62.4947739    
   4.00000000       62.4947739    
   4.00500011       62.4947739    
   4.00999975       62.4947739    
   4.01499987       62.4947739    
   4.01999998       62.4947739    
   4.02500010       62.4947739    
   4.02999973       62.4947739    
   4.03499985       62.4947739    
   4.03999996       62.4947739    
   4.04500008       62.4947739    
   4.04999971       62.4947739    
   4.05499983       62.4947739    
   4.05999994       62.4947739    
   4.06500006       62.4947739    
   4.06999969       62.4947739    
   4.07499981       62.4947739    
   4.07999992       62.4947739    
   4.08500004       62.4947739    
   4.08999968       62.4947739    
   4.09499979       62.4947739    
   4.09999990       62.4947739    
   4.10500002       62.4947739    
   4.11000013       62.4947739    
   4.11499977       62.4947739    
   4.11999989       62.4947739    
   4.12500000       62.4947739    
   4.13000011       62.4947739    
   4.13499975       62.4947739    
   4.13999987       62.4947739    
   4.14499998       62.4947739    
   4.15000010       62.4947739    
   4.15499973       62.4947739    
   4.15999985       62.4947739    
   4.16499996       62.4947739    
   4.17000008       62.4947739    
   4.17499971       62.4947739    
   4.17999983       62.4947739    
   4.18499994       62.4947739    
   4.19000006       62.4947739    
   4.19499969       62.4947739    
   4.19999981       62.4947739    
   4.20499992       62.4947739    
   4.21000004       62.4947739    
   4.21499968       62.4947739    
   4.21999979       62.4947739    
   4.22499990       62.4947739    
   4.23000002       62.4947739    
   4.23500013       62.4947739    
   4.23999977       62.4947739    
   4.24499989       62.4947739    
   4.25000000       62.4947739    
   4.25500011       62.4947739    
   4.25999975       62.4947739    
   4.26499987       62.4947739    
   4.26999998       62.4947739    
   4.27500010       62.4947739    
   4.27999973       62.4947739    
   4.28499985       62.4947739    
   4.28999996       62.4947739    
   4.29500008       62.4947739    
   4.29999971       62.4947739    
   4.30499983       62.4947739    
   4.30999994       62.4947739    
   4.31500006       62.4947739    
   4.31999969       62.4947739    
   4.32499981       62.4947739    
   4.32999992       62.4947739    
   4.33500004       62.4947739    
   4.33999968       62.4947739    
   4.34499979       62.4947739    
   4.34999990       62.4947739    
   4.35500002       62.4947739    
   4.36000013       62.4947739    
   4.36499977       62.4947739    
   4.36999989       62.4947739    
   4.37500000       62.4947739    
   4.38000011       62.4947739    
   4.38499975       62.4947739    
   4.38999987       62.4947739    
   4.39499998       62.4947739    
   4.40000010       62.4947739    
   4.40499973       62.4947739    
   4.40999985       62.4947739    
   4.41499996       62.4947739    
   4.42000008       62.4947739    
   4.42499971       62.4947739    
   4.42999983       62.4947739    
   4.43499994       62.4947739    
   4.44000006       62.4947739    
   4.44499969       62.4947739    
   4.44999981       62.4947739    
   4.45499992       62.4947739    
   4.46000004       62.4947739    
   4.46499968       62.4947739    
   4.46999979       62.4947739    
   4.47499990       62.4947739    
   4.48000002       62.4947739    
   4.48500013       62.4947739    
   4.48999977       62.4947739    
   4.49499989       62.4947739    
   4.50000000       62.4947739    
   4.50500011       62.4947739    
   4.50999975       62.4947739    
   4.51499987       62.4947739    
   4.51999998       62.4947739    
   4.52500010       62.4947739    
   4.52999973       62.4947739    
   4.53499985       62.4947739    
   4.53999996       62.4947739    
   4.54500008       62.4947739    
   4.54999971       62.4947739    
   4.55499983       62.4947739    
   4.55999994       62.4947739    
   4.56500006       62.4947739    
   4.56999969       62.4947739    
   4.57499981       62.4947739    
   4.57999992       62.4947739    
   4.58500004       62.4947739    
   4.58999968       62.4947739    
   4.59499979       62.4947739    
   4.59999990       62.4947739    
   4.60500002       62.4947739    
   4.61000013       62.4947739    
   4.61499977       62.4947739    
   4.61999989       62.4947739    
   4.62500000       62.4947739    
   4.63000011       62.4947739    
   4.63499975       62.4947739    
   4.63999987       62.4947739    
   4.64499998       62.4947739    
   4.65000010       62.4947739    
   4.65499973       62.4947739    
   4.65999985       62.4947739    
   4.66499996       62.4947739    
   4.67000008       62.4947739    
   4.67499971       62.4947739    
   4.67999983       62.4947739    
   4.68499994       62.4947739    
   4.69000006       62.4947739    
   4.69499969       62.4947739    
   4.69999981       62.4947739    
   4.70499992       62.4947739    
   4.71000004       62.4947739    
   4.71499968       62.4947739    
   4.71999979       62.4947739    
   4.72499990       62.4947739    
   4.73000002       62.4947739    
   4.73499966       62.4947739    
   4.73999977       62.4947739    
   4.74499989       62.4947739    
   4.75000000       62.4947739    
   4.75500011       62.4947739    
   4.75999975       62.4947739    
   4.76499987       61.8830986    
   4.76999998       60.0670547    
   4.77500010       57.1257973    
   4.77999973       53.2059097    
   4.78499985       48.5027809    
   4.78999996       43.2508278    
   4.79500008       37.7118340    
   4.79999971       32.1618881    
   4.80499983       26.8776188    
   4.80999994       22.1224098    
   4.81500006       18.1332779    
   4.81999969       15.1090584    
   4.82499981       13.2004910    
   4.82999992       12.5027065    
   4.83500004       13.0504827    
   4.83999968       14.8165169    
   4.84499979       17.7127819    
   4.84999990       21.5949192    
   4.85500002       26.2694206    
   4.85999966       31.5032940    
   4.86499977       37.0356712    
   4.86999989       42.5907898    
   4.87500000       47.8917580    
   4.88000011       52.6743622    
   4.88499975       56.7002220    
   4.88999987       59.7686691    
   4.89499998       61.7267723    
   4.90000010       62.4769325    
   4.90499973       62.5413017    
   4.90999985       62.5413017    
   4.91499996       62.5413017    
   4.92000008       62.5413017    
   4.92499971       62.5413017    
   4.92999983       62.5413017    
   4.93499994       62.5413017    
   4.94000006       62.5413017    
   4.94499969       62.5413017    
   4.94999981       62.5413017    
   4.95499992       62.5413017    
   4.96000004       62.5413017    
   4.96499968       62.5413017    
   4.96999979       62.5413017    
   4.97499990       62.5413017    
   4.98000002       62.5413017    
   4.98499966       62.5413017    
   4.98999977       62.5413017    
   4.99499989       62.5413017    
   5.00000000       62.5413017    
   5.00500011       62.5413017    
   5.00999975       62.5413017    
   5.01499987       62.5413017    
   5.01999998       62.5413017    
   5.02500010       62.5413017    
   5.02999973       62.5413017    
   5.03499985       62.5413017    
   5.03999996       62.5413017    
   5.04500008       62.5413017    
   5.04999971       62.5413017    
   5.05499983       62.5413017    
   5.05999994       62.5413017    
   5.06500006       62.5413017    
   5.06999969       62.5413017    
   5.07499981       62.5413017    
   5.07999992       62.5413017    
   5.08500004       62.5413017    
   5.08999968       62.5413017    
   5.09499979       62.5413017    
   5.09999990       62.5413017    
   5.10500002       62.5413017    
   5.10999966       62.5413017    
   5.11499977       62.5413017    
   5.11999989       62.5413017    
   5.12500000       62.5413017    
   5.13000011       62.5413017    
   5.13499975       62.5413017    
   5.13999987       62.5413017    
   5.14499998       62.5413017    
   5.15000010       62.5413017    
   5.15499973       62.5413017    
   5.15999985       62.5413017    
   5.16499996       62.5413017    
   5.17000008       62.5413017    
   5.17499971       62.5413017    
   5.17999983       62.5413017    
   5.18499994       62.5413017    
   5.19000006       62.5413017    
   5.19499969       62.5413017    
   5.19999981       62.5413017    
   5.20499992       62.5413017    
   5.21000004       62.5413017    
   5.21499968       62.5413017    
   5.21999979       62.5413017    
   5.22499990       62.5413017    
   5.23000002       62.5413017    
   5.23499966       62.5413017    
   5.23999977       62.5413017    
   5.24499989       62.5413017    
   5.25000000       62.5413017    
   5.25500011       62.5413017    
   5.25999975       62.5413017    
   5.26499987       62.5413017    
   5.26999998       62.5413017    
   5.27500010       62.5413017    
   5.27999973       62.5413017    
   5.28499985       62.5413017    
   5.28999996       62.5413017    
   5.29500008       62.5413017    
   5.29999971       62.5413017    
   5.30499983       62.5413017    
   5.30999994       62.5413017    
   5.31500006       62.5413017    
   5.31999969       62.5413017    
   5.32499981       62.5413017    
   5.32999992       62.5413017    
   5.33500004       62.5413017    
   5.33999968       62.5413017    
   5.34499979       62.5413017    
   5.34999990       62.5413017    
   5.35500002       62.5413017    
   5.35999966       62.5413017    
   5.36499977       62.5413017    
   5.36999989       62.5413017    
   5.37500000       62.5413017    
   5.38000011       62.5413017    
   5.38499975       62.5413017    
   5.38999987       62.5413017    
   5.39499998       62.5413017    
   5.40000010       62.5413017    
   5.40499973       62.5413017    
   5.40999985       62.5413017    
   5.41499996       62.5413017    
   5.42000008       62.5413017    
   5.42499971       62.5413017    
   5.42999983       62.5413017    
   5.43499994       62.5413017    
   5.44000006       62.5413017    
   5.44499969       62.5413017    
   5.44999981       62.5413017    
   5.45499992       62.5413017    
   5.46000004       62.5413017    
   5.46499968       62.5413017    
   5.46999979       62.5413017    
   5.47499990       62.5413017    
   5.48000002       62.5413017    
   5.48499966       62.5413017    
   5.48999977       62.5413017    
   5.49499989       62.5413017    
   5.50000000       62.5413017    
   5.50500011       62.5413017    
   5.50999975       62.5413017    
   5.51499987       62.5413017    
   5.51999998       62.5413017    
   5.52500010       62.5413017    
   5.52999973       62.5413017    
   5.53499985       62.5413017    
   5.53999996       62.5413017    
   5.54500008       62.5413017    
   5.54999971       62.5413017    
   5.55499983       62.5413017    
   5.55999994       62.5413017    
   5.56500006       62.5413017    
   5.56999969       62.5413017    
   5.57499981       62.5413017    
   5.57999992       62.5413017    
   5.58500004       62.5413017    
   5.58999968       62.5413017    
   5.59499979       62.5413017    
   5.59999990       62.5413017    
   5.60500002       62.5413017    
   5.60999966       62.5413017    
   5.61499977       62.5413017    
   5.61999989       62.5413017    
   5.62500000       62.5413017    
   5.62999964       62.5413017    
   5.63499975       62.5413017    
   5.63999987       62.5413017    
   5.64499998       62.5413017    
   5.65000010       62.5413017    
   5.65499973       62.5413017    
   5.65999985       62.5413017    
   5.66499996       62.5413017    
   5.67000008       62.5413017    
   5.67499971       62.5413017    
   5.67999983       62.5413017    
   5.68499994       62.5413017    
   5.69000006       62.5413017    
   5.69499969       62.5413017    
   5.69999981       62.5413017    
   5.70499992       62.5413017    
   5.71000004       62.5413017    
   5.71499968       62.5413017    
   5.71999979       62.5413017    
   5.72499990       62.5413017    
   5.73000002       62.5413017    
   5.73499966       62.5413017    
   5.73999977       62.5413017    
   5.74499989       62.5413017    
   5.75000000       62.5413017    
   5.75499964       62.5413017    
   5.75999975       62.5413017    
   5.76499987       62.5413017    
   5.76999998       62.5413017    
   5.77500010       62.5413017    
   5.77999973       62.5413017    
   5.78499985       62.5413017    
   5.78999996       62.5413017    
   5.79500008       62.5413017    
   5.79999971       62.5413017    
   5.80499983       62.5413017    
   5.80999994       62.5413017    
   5.81500006       62.5413017    
   5.81999969       62.5413017    
   5.82499981       62.5413017    
   5.82999992       62.5413017    
   5.83500004       62.5413017    
   5.83999968       62.5413017    
   5.84499979       62.5413017    
   5.84999990       62.5413017    
   5.85500002       62.5413017    
   5.85999966       62.5413017    
   5.86499977       62.5413017    
   5.86999989       62.5413017    
   5.87500000       62.5413017    
   5.87999964       62.5365524    
   5.88499975       62.3714371    
   5.88999987       61.9031372    
   5.89499998       61.1550026    
   5.90000010       60.1643143    
   5.90499973       58.3703995    
   5.90999985       55.2388687    
   5.91499996       50.9122238    
   5.92000008       45.6061249    
   5.92499971       39.5850487    
   5.92999983       33.1491051    
   5.93499994       26.6190853    
   5.94000006       20.3204727    
   5.94499969       14.5672121    
   5.94999981       9.64606762    
   5.95499992       5.80232668    
   5.96000004       3.22757578    
   5.96499968       2.05014968    
   5.96999979       2.32873607    
   5.97499990       4.04944944    
   5.98000002       7.12652349    
   5.98499966       11.4065838    
   5.98999977       16.6762981    
   5.99499989       22.6730003    
   6.00000000       29.0977955    
   6.00499964       35.6304512    
   6.00999975       41.9453468    
   6.01499987       47.7277336    
   6.01999998       52.6893883    
   6.02500010       56.7303734    
   6.02999973       59.8052216    
   6.03499985       61.7691727    
   6.03999996       62.5243416    
   6.04500008       62.5909653    
   6.04999971       62.5909653    
   6.05499983       62.5909653    
   6.05999994       62.5909653    
   6.06500006       62.5909653    
   6.06999969       62.5909653    
   6.07499981       62.5909653    
   6.07999992       62.5909653    
   6.08500004       62.5909653    
   6.08999968       62.5909653    
   6.09499979       62.5909653    
   6.09999990       62.5909653    
   6.10500002       62.5909653    
   6.10999966       62.5909653    
   6.11499977       62.5909653    
   6.11999989       62.5909653    
   6.12500000       62.5909653    
   6.12999964       62.5909653    
   6.13499975       62.5909653    
   6.13999987       62.5909653    
   6.14499998       62.5909653    
   6.15000010       62.5909653    
   6.15499973       62.5909653    
   6.15999985       62.5909653    
   6.16499996       62.5909653    
   6.17000008       62.5909653    
   6.17499971       62.5909653    
   6.17999983       62.5909653    
   6.18499994       62.5909653    
   6.19000006       62.5909653    
   6.19499969       62.5909653    
   6.19999981       62.5909653    
   6.20499992       62.5909653    
   6.21000004       62.5909653    
   6.21499968       62.5909653    
   6.21999979       62.5909653    
   6.22499990       62.5909653    
   6.23000002       62.5909653    
   6.23499966       62.5909653    
   6.23999977       62.5909653    
   6.24499989       62.5909653    
   6.25000000       62.5909653    
   6.25499964       62.5909653    
   6.25999975       62.5909653    
   6.26499987       62.5909653    
   6.26999998       62.5909653    
   6.27500010       62.5909653    
   6.27999973       62.5909653    
   6.28499985       62.5909653    
   6.28999996       62.5909653    
   6.29500008       62.5909653    
   6.29999971       62.5909653    
   6.30499983       62.5909653    
   6.30999994       62.5909653    
   6.31500006       62.5909653    
   6.31999969       62.5909653    
   6.32499981       62.5909653    
   6.32999992       62.5909653    
   6.33500004       62.5909653    
   6.33999968       62.5909653    
   6.34499979       62.5909653    
   6.34999990       62.5909653    
   6.35500002       62.5909653    
   6.35999966       62.5909653    
   6.36499977       62.5909653    
   6.36999989       62.5909653    
   6.37500000       62.5909653    
   6.37999964       62.5909653    
   6.38499975       62.5909653    
   6.38999987       62.5909653    
   6.39499998       62.5909653    
   6.39999962       62.5909653    
   6.40499973       62.5909653    
   6.40999985       62.5909653    
   6.41499996       62.5909653    
   6.42000008       62.5909653    
   6.42499971       62.5909653    
   6.42999983       62.5909653    
   6.43499994       62.5909653    
   6.44000006       62.5909653    
   6.44499969       62.5909653    
   6.44999981       62.5909653    
   6.45499992       62.5909653    
   6.46000004       62.5909653    
   6.46499968       62.5909653    
   6.46999979       62.5909653    
   6.47499990       62.5909653    
   6.48000002       62.5909653    
   6.48499966       62.5909653    
   6.48999977       62.5909653    
   6.49499989       62.5909653    
   6.50000000       62.5909653    
   6.50499964       62.5909653    
   6.50999975       62.5909653    
   6.51499987       62.5909653    
   6.51999998       62.5909653    
   6.52499962       62.5909653    
   6.52999973       62.5909653    
   6.53499985       62.5909653    
   6.53999996       62.5909653    
   6.54500008       62.5909653    
   6.54999971       62.5909653    
   6.55499983       62.5909653    
   6.55999994       62.5909653    
   6.56500006       62.5909653    
   6.56999969       62.5909653    
   6.57499981       62.5909653    
   6.57999992       62.5909653    
   6.58500004       62.5909653    
   6.58999968       62.5909653    
   6.59499979       62.5909653    
   6.59999990       62.5909653    
   6.60500002       62.5909653    
   6.60999966       62.5909653    
   6.61499977       62.5909653    
   6.61999989       62.5909653    
   6.62500000       62.5909653    
   6.62999964       62.5909653    
   6.63499975       62.5909653    
   6.63999987       62.5909653    
   6.64499998       62.5909653    
   6.64999962       62.5909653    
   6.65499973       62.5909653    
   6.65999985       62.5909653    
   6.66499996       62.5909653    
   6.67000008       62.5909653    
   6.67499971       62.5909653    
   6.67999983       62.5909653    
   6.68499994       62.5909653    
   6.69000006       62.5909653    
   6.69499969       62.5909653    
   6.69999981       62.5909653    
   6.70499992       62.5909653    
   6.71000004       62.5909653    
   6.71499968       62.5909653    
   6.71999979       62.5909653    
   6.72499990       62.5909653    
   6.73000002       62.5909653    
   6.73499966       62.5909653    
   6.73999977       62.5909653    
   6.74499989       62.5909653    
   6.75000000       62.5909653    
   6.75499964       62.5909653    
   6.75999975       62.5909653    
   6.76499987       62.5909653    
   6.76999998       62.5909653    
   6.77499962       62.5909653    
   6.77999973       62.5909653    
   6.78499985       62.5909653    
   6.78999996       62.5909653    
   6.79500008       62.5909653    
   6.79999971       62.5909653    
   6.80499983       62.5909653    
   6.80999994       62.5909653    
   6.81500006       62.5909653    
   6.81999969       62.5909653    
   6.82499981       62.5909653    
   6.82999992       62.5909653    
   6.83500004       62.5909653    
   6.83999968       62.5909653    
   6.84499979       62.5909653    
   6.84999990       62.5909653    
   6.85500002       62.5909653    
   6.85999966       62.5909653    
   6.86499977       62.5909653    
   6.86999989       62.5909653    
   6.87500000       62.5909653    
   6.87999964       62.5909653    
   6.88499975       62.5909653    
   6.88999987       62.5909653    
   6.89499998       62.5909653    
   6.89999962       62.5909653    
   6.90499973       62.5909653    
   6.90999985       62.5909653    
   6.91499996       62.5909653    
   6.92000008       62.5909653    
   6.92499971       62.5909653    
   6.92999983       62.5909653    
   6.93499994       62.5909653    
   6.94000006       62.5909653    
   6.94499969       62.5909653    
   6.94999981       62.5909653    
   6.95499992       62.5909653    
   6.96000004       62.5909653    
   6.96499968       62.5909653    
   6.96999979       62.5909653    
   6.97499990       62.5909653    
   6.98000002       62.5909653    
   6.98499966       62.5909653    
   6.98999977       62.5909653    
   6.99499989       62.5909653    
   7.00000000       62.5909653    
   7.00499964       62.5909653    
   7.00999975       62.5909653    
   7.01499987       62.5909653    
   7.01999998       62.5909653    
   7.02499962       62.5909653    
   7.02999973       62.5909653    
   7.03499985       62.5909653    
   7.03999996       62.5488205    
   7.04500008       61.8417702    
   7.04999971       59.9228210    
   7.05499983       56.8876076    
   7.05999994       52.8874130    
   7.06500006       48.1216393    
   7.06999969       42.8278313    
   7.07499981       37.2698441    
   7.07999992       31.7247105    
   7.08500004       26.4688225    
   7.08999968       21.7641544    
   7.09499979       17.8452053    
   7.09999990       14.9073124    
   7.10500002       13.0969105    
   7.10999966       12.5042353    
   7.11499977       13.1588268    
   7.11999989       15.0280609    
   7.12500000       18.0187683    
   7.12999964       21.9818783    
   7.13499975       26.7198486    
   7.13999987       31.9965267    
   7.14499998       37.5489044    
   7.14999962       43.1002350    
   7.15499973       48.3738060    
   7.15999985       53.1067696    
   7.16499996       57.0632172    
   7.17000008       60.0459290    
   7.17499971       61.9062500    
   7.17999983       62.5514565    
   7.18499994       62.5623436    
   7.19000006       62.5623436    
   7.19499969       62.5623436    
   7.19999981       62.5623436    
   7.20499992       62.5623436    
   7.21000004       62.5623436    
   7.21499968       62.5623436    
   7.21999979       62.5623436    
   7.22499990       62.5623436    
   7.23000002       62.5623436    
   7.23499966       62.5623436    
   7.23999977       62.5623436    
   7.24499989       62.5623436    
   7.25000000       62.5623436    
   7.25499964       62.5623436    
   7.25999975       62.5623436    
   7.26499987       62.5623436    
   7.26999998       62.5623436    
   7.27499962       62.5623436    
   7.27999973       62.5623436    
   7.28499985       62.5623436    
   7.28999996       62.5623436    
   7.29499960       62.5623436    
   7.29999971       62.5623436    
   7.30499983       62.5623436    
   7.30999994       62.5623436    
   7.31500006       62.5623436    
   7.31999969       62.5623436    
   7.32499981       62.5623436    
   7.32999992       62.5623436    
   7.33500004       62.5623436    
   7.33999968       62.5623436    
   7.34499979       62.5623436    
   7.34999990       62.5623436    
   7.35500002       62.5623436    
   7.35999966       62.5623436    
   7.36499977       62.5623436    
   7.36999989       62.5623436    
   7.37500000       62.5623436    
   7.37999964       62.5623436    
   7.38499975       62.5623436    
   7.38999987       62.5623436    
   7.39499998       62.5623436    
   7.39999962       62.5623436    
   7.40499973       62.5623436    
   7.40999985       62.5623436    
   7.41499996       62.5623436    
   7.41999960       62.5623436    
   7.42499971       62.5623436    
   7.42999983       62.5623436    
   7.43499994       62.5623436    
   7.44000006       62.5623436    
   7.44499969       62.5623436    
   7.44999981       62.5623436    
   7.45499992       62.5623436    
   7.46000004       62.5623436    
   7.46499968       62.5623436    
   7.46999979       62.5623436    
   7.47499990       62.5623436    
   7.48000002       62.5623436    
   7.48499966       62.5623436    
   7.48999977       62.5623436    
   7.49499989       62.5623436    
   7.50000000       62.5623436    
   7.50499964       62.5623436    
   7.50999975       62.5623436    
   7.51499987       62.5623436    
   7.51999998       62.5623436    
   7.52499962       62.5623436    
   7.52999973       62.5623436    
   7.53499985       62.5623436    
   7.53999996       62.5623436    
   7.54499960       62.5623436    
   7.54999971       62.5623436    
   7.55499983       62.5623436    
   7.55999994       62.5623436    
   7.56500006       62.5623436    
   7.56999969       62.5623436    
   7.57499981       62.5623436    
   7.57999992       62.5623436    
   7.58500004       62.5623436    
   7.58999968       62.5623436    
   7.59499979       62.5623436    
   7.59999990       62.5623436    
   7.60500002       62.5623436    
   7.60999966       62.5623436    
   7.61499977       62.5623436    
   7.61999989       62.5623436    
   7.62500000       62.5623436    
   7.62999964       62.5623436    
   7.63499975       62.5623436    
   7.63999987       62.5623436    
   7.64499998       62.5623436    
   7.64999962       62.5623436    
   7.65499973       62.5623436    
   7.65999985       62.5623436    
   7.66499996       62.5623436    
   7.66999960       62.5623436    
   7.67499971       62.5623436    
   7.67999983       62.5623436    
   7.68499994       62.5623436    
   7.69000006       62.5623436    
   7.69499969       62.5623436    
   7.69999981       62.5623436    
   7.70499992       62.5623436    
   7.71000004       62.5623436    
   7.71499968       62.5623436    
   7.71999979       62.5623436    
   7.72499990       62.5623436    
   7.73000002       62.5623436    
   7.73499966       62.5623436    
   7.73999977       62.5623436    
   7.74499989       62.5623436    
   7.75000000       62.5623436    
   7.75499964       62.5623436    
   7.75999975       62.5623436    
   7.76499987       62.5623436    
   7.76999998       62.5623436    
   7.77499962       62.5623436    
   7.77999973       62.5623436    
   7.78499985       62.5623436    
   7.78999996       62.5623436    
   7.79499960       62.5623436    
   7.79999971       62.5623436    
   7.80499983       62.5623436    
   7.80999994       62.5623436    
   7.81500006       62.5623436    
   7.81999969       62.5623436    
   7.82499981       62.5623436    
   7.82999992       62.5623436    
   7.83500004       62.5623436    
   7.83999968       62.5623436    
   7.84499979       62.5623436    
   7.84999990       62.5623436    
   7.85500002       62.5623436    
   7.85999966       62.5623436    
   7.86499977       62.5623436    
   7.86999989       62.5623436    
   7.87500000       62.5623436    
   7.87999964       62.5623436    
   7.88499975       62.5623436    
   7.88999987       62.5623436    
   7.89499998       62.5623436    
   7.89999962       62.5623436    
   7.90499973       62.5623436    
   7.90999985       62.5623436    
   7.91499996       62.5623436    
   7.91999960       62.5623436    
   7.92499971       62.5623436    
   7.92999983       62.5623436    
   7.93499994       62.5623436    
   7.94000006       62.5623436    
   7.94499969       62.5623436    
   7.94999981       62.5623436    
   7.95499992       62.5623436    
   7.96000004       62.5623436    
   7.96499968       62.5623436    
   7.96999979       62.5623436    
   7.97499990       62.5623436    
   7.98000002       62.5623436    
   7.98499966       62.5623436    
   7.98999977       62.5623436    
   7.99499989       62.5623436    
   8.00000000       62.5623436    
   8.00500011       62.5623436    
   8.01000023       62.5623436    
   8.01499939       62.5623436    
   8.01999950       62.5613480    
   8.02499962       62.4035835    
   8.02999973       61.9420853    
   8.03499985       61.1998596    
   8.03999996       60.2139015    
   8.04500008       59.0333633    
   8.05000019       57.7170753    
   8.05499935       56.3306503    
   8.05999947       54.9431915    
   8.06499958       53.6238556    
   8.06999969       52.4384041    
   8.07499981       51.4459229    
   8.07999992       50.6958809    
   8.08500004       50.2256584    
   8.09000015       50.0587006    
   8.09500027       50.2033234    
   8.09999943       50.6523209    
   8.10499954       51.3833122    
   8.10999966       52.3598671    
   8.11499977       53.5333061    
   8.11999989       54.8451424    
   8.12500000       56.2299843    
   8.13000011       57.6188126    
   8.13500023       58.9423981    
   8.13999939       60.1347771    
   8.14499950       61.1365089    
   8.14999962       61.8976593    
   8.15499973       62.3803024    
   8.15999985       62.5603676    
   8.16499996       62.5726318    
   8.17000008       62.5726318    
   8.17500019       62.5726318    
   8.17999935       62.5105476    
   8.18499947       61.7646599    
   8.18999958       59.8100929    
   8.19499969       56.7442741    
   8.19999981       52.7200127    
   8.20499992       47.9379044    
   8.21000004       42.6363029    
   8.21500015       37.0794563    
   8.22000027       31.5443382    
   8.22499943       26.3068371    
   8.22999954       21.6280174    
   8.23499966       17.7410831    
   8.23999977       14.8397751    
   8.24499989       13.0687065    
   8.25000000       12.5161533    
   8.25500011       13.2096567    
   8.26000023       15.1146507    
   8.26499939       18.1361828    
   8.26999950       22.1236477    
   8.27499962       26.8782940    
   8.27999973       32.1631355    
   8.28499985       37.7147522    
   8.28999996       43.2564354    
   8.29500008       48.5119629    
   8.30000019       53.2193832    
   8.30499935       57.1440620    
   8.30999947       60.0903702    
   8.31499958       61.9114571    
   8.31999969       62.5256271    
   8.32499981       62.5256271    
   8.32999992       62.5256271    
   8.33500004       62.5256271    
   8.34000015       62.5256271    
   8.34500027       62.5256271    
   8.34999943       62.5256271    
   8.35499954       62.5256271    
   8.35999966       62.5256271    
   8.36499977       62.5256271    
   8.36999989       62.5256271    
   8.37500000       62.5256271    
   8.38000011       62.5256271    
   8.38500023       62.5256271    
   8.38999939       62.5256271    
   8.39499950       62.5256271    
   8.39999962       62.5256271    
   8.40499973       62.5256271    
   8.40999985       62.5256271    
   8.41499996       62.5256271    
   8.42000008       62.5256271    
   8.42500019       62.5256271    
   8.42999935       62.5256271    
   8.43499947       62.5256271    
   8.43999958       62.5256271    
   8.44499969       62.5256271    
   8.44999981       62.5256271    
   8.45499992       62.5256271    
   8.46000004       62.5256271    
   8.46500015       62.5256271    
   8.47000027       62.5256271    
   8.47499943       62.5256271    
   8.47999954       62.5256271    
   8.48499966       62.5256271    
   8.48999977       62.5256271    
   8.49499989       62.5256271    
   8.50000000       62.5256271    
   8.50500011       62.5256271    
   8.51000023       62.5256271    
   8.51499939       62.5256271    
   8.51999950       62.5256271    
   8.52499962       62.5256271    
   8.52999973       62.5256271    
   8.53499985       62.5256271    
   8.53999996       62.5256271    
   8.54500008       62.5256271    
   8.55000019       62.5256271    
   8.55499935       62.5256271    
   8.55999947       62.5256271    
   8.56499958       62.5256271    
   8.56999969       62.5256271    
   8.57499981       62.5256271    
   8.57999992       62.5256271    
   8.58500004       62.5256271    
   8.59000015       62.5256271    
   8.59500027       62.5256271    
   8.59999943       62.5256271    
   8.60499954       62.5256271    
   8.60999966       62.5256271    
   8.61499977       62.5256271    
   8.61999989       62.5256271    
   8.62500000       62.5256271    
   8.63000011       62.5256271    
   8.63500023       62.5256271    
   8.63999939       62.5256271    
   8.64499950       62.5256271    
   8.64999962       62.5256271    
   8.65499973       62.5256271    
   8.65999985       62.5256271    
   8.66499996       62.5256271    
   8.67000008       62.5256271    
   8.67500019       62.5256271    
   8.67999935       62.5256271    
   8.68499947       62.5256271    
   8.68999958       62.5256271    
   8.69499969       62.5256271    
   8.69999981       62.5256271    
   8.70499992       62.5256271    
   8.71000004       62.5256271    
   8.71500015       62.5256271    
   8.72000027       62.5256271    
   8.72499943       62.5256271    
   8.72999954       62.5256271    
   8.73499966       62.5256271    
   8.73999977       62.5256271    
   8.74499989       62.5256271    
   8.75000000       62.5256271    
   8.75500011       62.5256271    
   8.76000023       62.5256271    
   8.76499939       62.5256271    
   8.76999950       62.5256271    
   8.77499962       62.5256271    
   8.77999973       62.5256271    
   8.78499985       62.5256271    
   8.78999996       62.5256271    
   8.79500008       62.5256271    
   8.80000019       62.5256271    
   8.80499935       62.5256271    
   8.80999947       62.5256271    
   8.81499958       62.5256271    
   8.81999969       62.5256271    
   8.82499981       62.5256271    
   8.82999992       62.5256271    
   8.83500004       62.5256271    
   8.84000015       62.5256271    
   8.84500027       62.5256271    
   8.84999943       62.5256271    
   8.85499954       62.5256271    
   8.85999966       62.5256271    
   8.86499977       62.5256271    
   8.86999989       62.5256271    
   8.87500000       62.5256271    
   8.88000011       62.5256271    
   8.88500023       62.5256271    
   8.88999939       62.5256271    
   8.89499950       62.5256271    
   8.89999962       62.5256271    
   8.90499973       62.5256271    
   8.90999985       62.5256271    
   8.91499996       62.5256271    
   8.92000008       62.5256271    
   8.92500019       62.5256271    
   8.92999935       62.5256271    
   8.93499947       62.5256271    
   8.93999958       62.5256271    
   8.94499969       62.5256271    
   8.94999981       62.5256271    
   8.95499992       62.5256271    
   8.96000004       62.5256271    
   8.96500015       62.5256271    
   8.97000027       62.5256271    
   8.97499943       62.5256271    
   8.97999954       62.5256271    
   8.98499966       62.5256271    
   8.98999977       62.5256271    
   8.99499989       62.5256271    
   9.00000000       62.5256271    
   9.00500011       62.5256271    
   9.01000023       62.5256271    
   9.01499939       62.5256271    
   9.01999950       62.5256271    
   9.02499962       62.5256271    
   9.02999973       62.5256271    
   9.03499985       62.5256271    
   9.03999996       62.5256271    
   9.04500008       62.5256271    
   9.05000019       62.5256271    
   9.05499935       62.5256271    
   9.05999947       62.5256271    
   9.06499958       62.5256271    
   9.06999969       62.5256271    
   9.07499981       62.5256271    
   9.07999992       62.5256271    
   9.08500004       62.5256271    
   9.09000015       62.5256271    
   9.09500027       62.5256271    
   9.09999943       62.5256271    
   9.10499954       62.5256271    
   9.10999966       62.5256271    
   9.11499977       62.5256271    
   9.11999989       62.5256271    
   9.12500000       62.5256271    
   9.13000011       62.5256271    
   9.13500023       62.5256271    
   9.13999939       62.5256271    
   9.14499950       62.5256271    
   9.14999962       62.5256271    
   9.15499973       62.5256271    
   9.15999985       62.5256271    
   9.16499996       62.5256271    
   9.17000008       62.5256271    
   9.17500019       62.5256271    
   9.17999935       62.5256271    
   9.18499947       62.5256271    
   9.18999958       62.5256271    
   9.19499969       62.5256271    
   9.19999981       62.5256271    
   9.20499992       62.5256271    
   9.21000004       62.5256271    
   9.21500015       62.5256271    
   9.22000027       62.5256271    
   9.22499943       62.5256271    
   9.22999954       62.5256271    
   9.23499966       62.5256271    
   9.23999977       62.5256271    
   9.24499989       62.5256271    
   9.25000000       62.5256271    
   9.25500011       62.5256271    
   9.26000023       62.5256271    
   9.26499939       62.5256271    
   9.26999950       62.5256271    
   9.27499962       62.5256271    
   9.27999973       62.5256271    
   9.28499985       62.5256271    
   9.28999996       62.5256271    
   9.29500008       62.5256271    
   9.30000019       62.5256271    
   9.30499935       62.5256271    
   9.30999947       62.5256271    
   9.31499958       62.5256271    
   9.31999969       62.5019684    
   9.32499981       61.8322067    
   9.32999992       59.9500618    
   9.33500004       56.9493446    
   9.34000015       52.9796143    
   9.34500027       48.2387428    
   9.34999943       42.9630318    
   9.35499954       37.4154472    
   9.35999966       31.8725052    
   9.36499977       26.6104832    
   9.36999989       21.8916607    
   9.37500000       17.9512405    
   9.38000011       14.9856291    
   9.38500023       13.1426439    
   9.38999939       12.5141478    
   9.39499950       13.1314678    
   9.39999962       14.9638348    
   9.40499973       17.9199142    
   9.40999985       21.8523655    
   9.41499996       26.5651760    
   9.42000008       31.8234406    
   9.42500019       37.3650665    
   9.42999935       42.9138489    
   9.43499947       48.1932106    
   9.43999958       52.9400024    
   9.44499969       56.9176407    
   9.44999981       59.9278603    
   9.45499992       61.8206139    
   9.46000004       62.5015564    
   9.46500015       62.5308723    
   9.46999931       62.5308723    
   9.47499943       62.5308723    
   9.47999954       62.5308723    
   9.48499966       62.5308723    
   9.48999977       62.5308723    
   9.49499989       62.5308723    
   9.50000000       62.5308723    
   9.50500011       62.5308723    
   9.51000023       62.5308723    
   9.51499939       62.5308723    
   9.51999950       62.5308723    
   9.52499962       62.5308723    
   9.52999973       62.5308723    
   9.53499985       62.5308723    
   9.53999996       62.5308723    
   9.54500008       62.5308723    
   9.55000019       62.5308723    
   9.55499935       62.5308723    
   9.55999947       62.5308723    
   9.56499958       62.5308723    
   9.56999969       62.5308723    
   9.57499981       62.5308723    
   9.57999992       62.5308723    
   9.58500004       62.5308723    
   9.59000015       62.5308723    
   9.59499931       62.5308723    
   9.59999943       62.5308723    
   9.60499954       62.5308723    
   9.60999966       62.5308723    
   9.61499977       62.5308723    
   9.61999989       62.5308723    
   9.62500000       62.5308723    
   9.63000011       62.5308723    
   9.63500023       62.5308723    
   9.63999939       62.5308723    
   9.64499950       62.5308723    
   9.64999962       62.5308723    
   9.65499973       62.5308723    
   9.65999985       62.5308723    
   9.66499996       62.5308723    
   9.67000008       62.5308723    
   9.67500019       62.5308723    
   9.67999935       62.5308723    
   9.68499947       62.5308723    
   9.68999958       62.5308723    
   9.69499969       62.5308723    
   9.69999981       62.5308723    
   9.70499992       62.5308723    
   9.71000004       62.5308723    
   9.71500015       62.5308723    
   9.71999931       62.5308723    
   9.72499943       62.5308723    
   9.72999954       62.5308723    
   9.73499966       62.5308723    
   9.73999977       62.5308723    
   9.74499989       62.5308723    
   9.75000000       62.5308723    
   9.75500011       62.5308723    
   9.76000023       62.5308723    
   9.76499939       62.5308723    
   9.76999950       62.5308723    
   9.77499962       62.5308723    
   9.77999973       62.5308723    
   9.78499985       62.5308723    
   9.78999996       62.5308723    
   9.79500008       62.5308723    
   9.80000019       62.5308723    
   9.80499935       62.5308723    
   9.80999947       62.5308723    
   9.81499958       62.5308723    
   9.81999969       62.5308723    
   9.82499981       62.5308723    
   9.82999992       62.5308723    
   9.83500004       62.5308723    
   9.84000015       62.5308723    
   9.84499931       62.5308723    
   9.84999943       62.5308723    
   9.85499954       62.5308723    
   9.85999966       62.5308723    
   9.86499977       62.5308723    
   9.86999989       62.5308723    
   9.87500000       62.5308723    
   9.88000011       62.5308723    
   9.88500023       62.5308723    
   9.88999939       62.5308723    
   9.89499950       62.5308723    
   9.89999962       62.5308723    
   9.90499973       62.5308723    
   9.90999985       62.5308723    
   9.91499996       62.5308723    
   9.92000008       62.5308723    
   9.92500019       62.5308723    
   9.92999935       62.5308723    
   9.93499947       62.5308723    
   9.93999958       62.5308723    
   9.94499969       62.5308723    
   9.94999981       62.5308723    
   9.95499992       62.5308723    
   9.96000004       62.5308723    
   9.96500015       62.5308723    
   9.96999931       62.5308723    
   9.97499943       62.5308723    
   9.97999954       62.5308723    
   9.98499966       62.5308723    
   9.98999977       62.5308723    
   9.99499989       62.5308723    
   10.0000000       62.5308723    
