  0.236568779       5.60495663       5.62707758       5.97832584       7.09278297       5.10255480       8.12610245       6.92054081       7.39700270       1.06949174    
   4.38156240E-02   5.62356520       5.69905424       6.15808582       7.03817892       4.91680527       8.21313477       7.09350920       7.24881363       1.19414592    
  -9.92738828E-02   5.64217377       5.77111864       6.33777666       6.98350000       4.73113918       8.30015755       7.26646137       7.10062456       1.31880009    
   2.90585048E-02   5.66078234       5.84322548       6.51742458       6.92878819       4.54552078       8.38716602       7.43941021       6.95243549       1.44345713    
  0.221789017       5.67939091       5.91535234       6.69705248       6.87406349       4.35992432       8.47416496       7.61234808       6.80424643       1.56811643    
  0.414519846       5.69799948       5.98748970       6.87667084       6.81933451       4.17433929       8.56116390       7.78528500       6.65605736       1.69278204    
  0.607250333       5.71660805       6.05963516       7.05628347       6.76460552       3.98873997       8.64815903       7.95822191       6.50786829       1.81746137    
  0.799980462       5.73521662       6.13178825       7.23589611       6.70987034       3.80311179       8.73513412       8.13115025       6.35967922       1.94217384    
  0.992710590       5.75382519       6.20394564       7.41550875       6.65511656       3.61739445       8.82210922       8.30407524       6.21151018       2.06697750    
   1.18544221       5.77243376       6.27611065       7.59512138       6.60027981       3.43141270       8.90908432       8.47700024       6.06342268       2.19204617    
   1.37817383       5.79104233       6.34827995       7.77473927       6.54509687       3.24469662       8.99605751       8.64992523       5.91567993       2.31785011    
   1.57090545       5.80965090       6.42045450       7.95436382       6.48925352       3.05695748       9.08300877       8.82285023       5.76859856       2.44467807    
   1.76363707       5.82825947       6.49263573       8.13398838       6.43869257       2.87254977       9.16996002       8.99577522       5.61623621       2.56817317    
   1.95636868       5.84686804       6.56481838       8.31361294       6.40470028       2.69439602       9.25691128       9.16870022       5.44730616       2.68541503    
   2.14910030       5.86547661       6.63701153       8.49323750       6.37563515       2.51707315       9.34386253       9.34162521       5.27344513       2.80182600    
   2.34183192       5.88408518       6.70920467       8.67286205       6.34532166       2.34008074       9.43080425       9.51455021       5.10083199       2.91790700    
   2.53456354       5.90269375       6.78140497       8.85248661       6.31432247       2.16338229       9.51773167       9.68747520       4.92890501       3.03369451    
   2.72729516       5.92130232       6.85361004       9.03211117       6.28310776       1.98681271       9.60465908       9.86040020       4.75719452       3.14935327    
   2.92002678       5.93991089       6.92581511       9.21173573       6.25182486       1.81029344       9.69158649       10.0325737       4.58555174       3.26496291    
   3.11276007       5.95851517       6.99803066       9.39136028       6.22051716       1.63379443       9.77851391       10.0659924       4.41393137       3.38055515    
   3.30549765       5.97711182       7.07024765       9.57098484       6.18920088       1.45730412       9.86543655       9.90127563       4.24231768       3.49614048    
   3.49823594       5.99570322       7.14246941       9.75060940       6.15788460       1.28081775       9.95234013       9.72832680       4.07070398       3.61173153    
   3.69097948       6.01428127       7.21469831       9.93023396       6.12656450       1.10433435       10.0344419       9.55537796       3.89909029       3.72733426    
   3.88372302       6.03283644       7.28692818       10.0859423       6.09523630      0.927850962       10.0145407       9.38242912       3.72747660       3.84295797    
   4.07646418       6.05136156       7.35916901       10.0018520       6.06390810      0.751368999       9.92789841       9.20948029       3.55586410       3.95861101    
   4.26919842       6.06985378       7.43141317       9.82222748       6.03257990      0.574887097       9.84099483       9.03653145       3.38425994       4.07429552    
   4.46192026       6.08831787       7.50366926       9.64260292       6.00125170      0.398405194       9.75407410       8.86359024       3.21266866       4.19000912    
   4.65462923       6.10676336       7.57594109       9.46297836       5.96992350      0.221923292       9.66714001       8.69066525       3.04109025       4.30574274    
   4.84733009       6.12519550       7.64823961       9.28333187       5.93859529       4.54414003E-02   9.58017921       8.51774025       2.86952186       4.42148733    
   5.04001999       6.14362526       7.72057962       9.10367393       5.90726709      -9.03363600E-02   9.49317741       8.34483624       2.69796085       4.53723955    
   5.23270988       6.16205502       7.79298973       8.92398548       5.87593889       2.12709587E-02   9.40610409       8.17196178       2.52640438       4.65299177    
   5.42539978       6.18048477       7.86551809       8.74423885       5.84461069      0.197630405       9.31891060       7.99914169       2.35485029       4.76874399    
   5.61808968       6.19891453       7.93825531       8.56438255       5.81328249      0.373989999       9.23150635       7.82643175       2.18329620       4.88449621    
   5.81077957       6.21734428       8.01136589       8.38430691       5.78195429      0.550349712       9.14372826       7.65393829       2.01174212       5.00024843    
   6.00346947       6.23577404       8.08513927       8.20379353       5.75062609      0.726709425       9.05528545       7.48187780       1.84019089       5.11600065    
   6.19616318       6.25420380       8.15997410       8.02247524       5.71929789      0.903069139       8.96577168       7.31062126       1.66863978       5.23175287    
   6.38886833       6.27264309       8.23571110       7.84037924       5.68796968       1.07942820       8.87534904       7.14013672       1.49708867       5.34750509    
   6.58159351       6.29109430       8.30724335       7.66342735       5.65664148       1.25578642       8.78911209       6.96449327       1.32553756       5.46325731    
   6.77436495       6.30957127       8.35834980       7.51773691       5.62531328       1.43214464       8.72325516       6.75756359       1.15398645       5.57900953    
   6.96724749       6.32809925       8.39119434       7.40792847       5.59398508       1.60850286       8.67554665       6.51470232      0.982435346       5.69476175    
   7.16041374       6.34672070       8.42093754       7.30594921       5.56265688       1.78486109       8.63065624       6.26391745      0.810884237       5.81051397    
   7.35429096       6.36548090       8.45060921       7.20279455       5.53132868       1.96121931       8.58512688       6.01416826      0.639333129       5.92626619    
   7.54970789       6.38436651       8.47987461       7.09783173       5.50000048       2.13757753       8.53846073       5.76610279      0.467782021       6.04201841    
   7.74742317       6.40325069       8.50813675       6.99122381       5.46867228       2.31393576       8.49050236       5.51968288      0.296230912       6.15777063    
   7.93635273       6.41334915       8.54617596       6.89176941       5.43734407       2.49029398       8.44154739       5.27489567      0.124679796       6.27352285    
   8.02466583       6.34278727       8.68532753       6.87166929       5.40601587       2.66665220       8.39210129       5.03141165      -4.47404049E-02   6.38927507    
   8.05941200       6.22878551       8.87824059       6.89419603       5.37469244       2.84301519       8.34246063       4.78873920      -5.54037169E-02   6.50502729    
   8.09372044       6.11390781       9.07167244       6.91710567       5.34337616       3.01937938       8.29273319       4.54656172      0.111756206       6.62077951    
   8.12892532       5.99944544       9.26424408       6.93929958       5.31205988       3.19574356       8.24297142       4.30468416      0.283339649       6.73653173    
   8.16451073       5.88510847       9.45644379       6.96118259       5.28074360       3.37210774       8.19318962       4.06299019      0.454922795       6.85228395    
   8.20025444       5.77078676       9.64848709       6.98293447       5.24942732       3.54847193       8.14340782       3.82140923      0.626506507       6.96803617    
   8.23606586       5.65645504       9.84046173       7.00462723       5.21812248       3.72483611       8.09362602       3.57989836      0.798090398       7.08378839    
   8.27190495       5.54210520       10.0318441       7.02629185       5.18681812       3.90120029       8.04384422       3.33843303      0.969674289       7.19954062    
   8.30776310       5.42774153       10.0762577       7.04794121       5.15552187       4.07756710       7.99406242       3.09699774       1.14125812       7.31529284    
   8.34362125       5.31337214       9.89500523       7.06957865       5.12422943       4.25393724       7.94428062       2.85558200       1.31284201       7.43104506    
   8.37949657       5.19900274       9.70303059       7.09120035       5.09293699       4.43030739       7.89449883       2.61418033       1.48442590       7.54679728    
   8.41537857       5.08464098       9.51104069       7.11280632       5.06164885       4.60667753       7.84471703       2.37278843       1.65600979       7.66254950    
   8.45126057       4.97029161       9.31904221       7.13439178       5.03036833       4.78304768       7.79493523       2.13140273       1.82759368       7.77830172    
   8.48715305       4.85595608       9.12704372       7.15596056       4.99908781       4.95941782       7.74515343       1.89002216       1.99917758       7.89405394    
   8.52305889       4.74163437       8.93503094       7.17751122       4.96780729       5.13578796       7.69537163       1.64864433       2.17076135       8.00980663    
   8.55896473       4.62732458       8.74300861       7.19904947       4.93652678       5.31215811       7.64558983       1.40726936       2.34234524       8.12555885    
   8.59487057       4.51302385       8.55098629       7.22057867       4.90524626       5.48852825       7.59580803       1.16589558       2.51392913       8.24131107    
   8.63077641       4.39872599       8.35896397       7.24209785       4.87396574       5.66489840       7.54602623      0.924523592       2.68551302       8.35706329    
   8.66667843       4.28443480       8.16694164       7.26361513       4.84268522       5.84126854       7.49624443      0.683152318       2.85709691       8.47281551    
   8.70256042       4.17014885       7.97492123       7.28513050       4.81140471       6.01763868       7.44646263      0.441782027       3.02868462       8.58856773    
   8.73844242       4.05586290       7.78290939       7.30663586       4.78012419       6.19400883       7.39668083      0.200412184       3.20027447       8.70431995    
   8.77432442       3.94157696       7.59088707       7.32814121       4.74884367       6.37038183       7.34689903      -4.02416363E-02   3.37186432       8.82007217    
   8.81020641       3.82729101       7.39886475       7.34964657       4.71756315       6.54676390       7.29711723      -9.57630351E-02   3.54345846       8.93581867    
   8.84608841       3.71300507       7.20683956       7.37115192       4.68628454       6.72315311       7.24733543      0.132228225       3.71505547       9.05154705    
   8.88197041       3.59871912       7.01480341       7.39265728       4.65501595       6.89955473       7.19755363      0.373619378       3.88665771       9.16727543    
   8.91785240       3.48443317       6.82275152       7.41415119       4.62375498       7.07597685       7.14777184      0.615011752       4.05826759       9.28297997    
   8.95373440       3.37014723       6.63066912       7.43564463       4.59251785       7.25242567       7.09799004      0.856405079       4.22988129       9.39866447    
   8.98961639       3.25585961       6.43853521       7.45713806       4.56132507       7.42891026       7.04820824       1.09780037       4.40150642       9.51431274    
   9.02549839       3.14156771       6.24630594       7.47863197       4.53022146       7.60543728       6.99843073       1.33919919       4.57313204       9.62991714    
   9.06138039       3.02727151       6.05390787       7.50014591       4.49928427       7.78200245       6.94866085       1.58060253       4.74476671       9.74546242    
   9.09724998       2.91296983       5.86121988       7.52172279       4.46864080       7.95857334       6.89889860       1.82201183       4.91639233       9.86093903    
   9.13310814       2.79866219       5.66806936       7.54346037       4.43846846       8.13506126       6.84914827       2.06342697       5.08801031       9.97634029    
   9.16894817       2.68434954       5.47427416       7.56552649       4.40896177       8.31129646       6.79941320       2.30484748       5.25960779       10.0595608    
   9.20477676       2.57003379       5.27971601       7.58814716       4.38024998       8.48705482       6.74969482       2.54627013       5.43117332       9.98003769    
   9.24058723       2.45571804       5.08441830       7.61152458       4.35234356       8.66215801       6.69998980       2.78769279       5.60267401       9.86458111    
   9.27639675       2.34140229       4.88854313       7.63575172       4.32512808       8.83653545       6.65029335       3.02911544       5.77406120       9.74900055    
   9.31218338       2.22709131       4.69231367       7.66075563       4.29841375       9.01024818       6.60060692       3.27053809       5.94530249       9.63331223    
   9.34797001       2.11278152       4.49591827       7.68635321       4.27200127       9.18342876       6.55092049       3.51195765       6.11640692       9.51755810    
   9.38375664       1.99847174       4.29947042       7.71233797       4.24573851       9.35624790       6.50123405       3.75337434       6.28741264       9.40178108    
   9.41954327       1.88416195       4.10302019       7.73855305       4.21953678       9.52884674       6.45154762       3.99479103       6.45836115       9.28598118    
   9.45532990       1.76985431       3.90658092       7.76489592       4.19335508       9.70131779       6.40187263       4.23621368       6.62927818       9.17018127    
   9.49111652       1.65554750       3.71015477       7.79130793       4.16717672       9.87371826       6.35219812       4.47763634       6.80017996       9.05438137    
   9.52690315       1.54124069       3.51373792       7.81775856       4.14099836       10.0440636       6.30252361       4.71905899       6.97107744       8.93858147    
   9.56268978       1.42693388       3.31732869       7.84422970       4.11481571       10.0564365       6.25284910       4.96048164       7.14196396       8.82278156    
   9.59847641       1.31262708       3.12092733       7.87071991       4.08862543       9.88878155       6.20317459       5.20190430       7.31285048       8.70698166    
   9.63426304       1.19832027       2.92453766       7.89723301       4.06242657       9.71644783       6.15350008       5.44332695       7.48373699       8.59118176    
   9.67004967       1.08401346       2.72816753       7.92377615       4.03620911       9.54408455       6.10382557       5.68474960       7.65462351       8.47538185    
   9.70583630      0.969706237       2.53182530       7.95035219       4.00996542       9.37168980       6.05415106       5.92617226       7.82551003       8.35958195    
   9.74162292      0.855397940       2.33551812       7.97696114       3.98368788       9.19925785       6.00447655       6.16759682       7.99638891       8.24378204    
   9.77740955      0.741089642       2.13924956       8.00360012       3.95737314       9.02679825       5.95480204       6.40903139       8.16726398       8.12798214    
   9.81319618      0.626781344       1.94301856       8.03025532       3.93102217       8.85431671       5.90512753       6.65046597       8.33813858       8.01218224    
   9.84898281      0.512473047       1.74681997       8.05693340       3.90464211       8.68182087       5.85545301       6.89190960       8.50901318       7.89638233    
   9.88476944      0.398165435       1.55064642       8.08361244       3.87824392       8.50930595       5.80577850       7.13335848       8.67987156       7.78058243    
   9.92055607      0.283857882       1.35449100       8.11029148       3.85184288       8.33678341       5.75609446       7.37482023       8.85072231       7.66477633    
   9.95634270      0.169550329       1.15834785       8.13697052       3.82546449       8.16423988       5.70637798       7.61629725       9.02157307       7.54896450    
   9.99212933       5.52426577E-02  0.962212682       8.16364956       3.79914212       7.99167633       5.65659952       7.85779285       9.19242382       7.43315268    
   10.0184469      -4.97246459E-02  0.766082823       8.19032860       3.77290630       7.81910896       5.60673046       8.09929371       9.36327457       7.31734085    
   9.99434376      -1.19495215E-02  0.569956243       8.21700764       3.74676061       7.64655733       5.55676842       8.34078121       9.53412533       7.20152903    
   9.95858097      0.102333248      0.373831928       8.24368668       3.72067904       7.47403002       5.50674105       8.58224392       9.70497608       7.08571720    
   9.92281818      0.216695189      0.177708939       8.27036572       3.69463205       7.30152464       5.45667791       8.82368851       9.87582684       6.96990538    
   9.88705540      0.331057131      -1.83171723E-02   8.29704475       3.66860032       7.12903214       5.40659809       9.06511116       10.0445557       6.85409355    
   9.85129261      0.445419073      -8.64510015E-02   8.32372379       3.64257550       6.95654821       5.35651064       9.30653381       10.0551786       6.73828173    
   9.81552982      0.559781015       9.25463438E-02   8.35040283       3.61655211       6.78406429       5.30641890       9.54795647       9.88870716       6.62246990    
   9.77976704      0.674142957      0.288629740       8.37708187       3.59052873       6.61158037       5.25632715       9.78937912       9.71783257       6.50665808    
   9.74400425      0.788504899      0.484713733       8.40376091       3.56450534       6.43910313       5.20623541       10.0305033       9.54695797       6.39084625    
   9.70824146      0.902866840      0.680798113       8.43043995       3.53848195       6.26663113       5.15614367       10.1019754       9.37608337       6.27503443    
   9.67247868       1.01722896      0.876883805       8.45711899       3.51245856       6.09415913       5.10605192       9.87789631       9.20520878       6.15922260    
   9.63671589       1.13159239       1.07297063       8.48379803       3.48643517       5.92168713       5.05596018       9.63642597       9.03433418       6.04341078    
   9.60095310       1.24595582       1.26905799       8.51047707       3.46041179       5.74921513       5.00586843       9.39495564       8.86345959       5.92759895    
   9.56519032       1.36031926       1.46514761       8.53715611       3.43438840       5.57674313       4.95577669       9.15348530       8.69258499       5.81178713    
   9.52942753       1.47468269       1.66123807       8.56383514       3.40836501       5.40427113       4.90568495       8.91201496       8.52171040       5.69597530    
   9.49366474       1.58904612       1.85733151       8.59051418       3.38234162       5.23179913       4.85559320       8.67054462       8.35083580       5.58016348    
   9.45790195       1.70340955       2.05342889       8.61719322       3.35631824       5.05932713       4.80549002       8.42907429       8.17996120       5.46435165    
   9.42213917       1.81777298       2.24953198       8.64387226       3.33029485       4.88685513       4.75538492       8.18760395       8.00908661       5.34853983    
   9.38637638       1.93213642       2.44564700       8.67055130       3.30427146       4.71438599       4.70526695       7.94613361       7.83821201       5.23272800    
   9.35061359       2.04649997       2.64177823       8.69721794       3.27824807       4.54192591       4.65513325       7.70466328       7.66733742       5.11691618    
   9.31485081       2.16086340       2.83793259       8.72387314       3.25222468       4.36946583       4.60497618       7.46320581       7.49646282       5.00110435    
   9.27908802       2.27523160       3.03411341       8.75050831       3.22620130       4.19700575       4.55479240       7.22176456       7.32558823       4.88529253    
   9.24332523       2.38960099       3.23031807       8.77712059       3.20017791       4.02454567       4.50458622       6.98034525       7.15471363       4.76948071    
   9.20756245       2.50397038       3.42653918       8.80370808       3.17415595       3.85208678       4.45436192       6.73894691       6.98383904       4.65366888    
   9.17179966       2.61834145       3.62277079       8.83027458       3.14813852       3.67963266       4.40412712       6.49756432       6.81296444       4.53785706    
   9.13602066       2.73271680       3.81900716       8.85683441       3.12212110       3.50717878       4.35389233       6.25618935       6.64208937       4.42204523    
   9.10023403       2.84709215       4.01524401       8.88337898       3.09610510       3.33473063       4.30365753       6.01481438       6.47120285       4.30623341    
   9.06444740       2.96146750       4.21148634       8.90991497       3.07009363       3.16228533       4.25342274       5.77343941       6.30031633       4.19042158    
   9.02866077       3.07584691       4.40772867       8.93645096       3.04408431       2.98984456       4.20319462       5.53205729       6.12942648       4.07461548    
   8.99287415       3.19022822       4.60397100       8.96298695       3.01807880       2.81740999       4.15297651       5.29066277       5.95852375       3.95881772    
   8.95708752       3.30460954       4.80021334       8.98952293       2.99207926       2.64498234       4.10277700       5.04924536       5.78760052       3.84303427    
   8.92130089       3.41899085       4.99645567       9.01605892       2.96608615       2.47256327       4.05261278       4.80779457       5.61663771       3.72727680    
   8.88551426       3.53337216       5.19269800       9.04259491       2.94010091       2.30015516       4.00251436       4.56628704       5.44560289       3.61156535    
   8.84972763       3.64775348       5.38894033       9.06913090       2.91412520       2.12776041       3.95254612       4.32467890       5.27442884       3.49594092    
   8.81394100       3.76213479       5.58518267       9.09566689       2.88816142       1.95538259       3.90284657       4.08288622       5.10297585       3.38048387    
   8.77815437       3.87651610       5.78142500       9.12220287       2.86221313       1.78302610       3.85372066       3.84074163       4.93093681       3.26535749    
   8.74236774       3.99089742       5.97766733       9.14873886       2.83628368       1.61069691       3.80571437       3.59797931       4.75775862       3.15082240    
   8.70658112       4.10527849       6.17390966       9.17527485       2.81037760       1.43840194       3.75785375       3.35505939       4.58441210       3.03641009    
   8.67079067       4.21965981       6.37015200       9.20181084       2.78450012       1.26615131       3.68128943       3.12197876       4.43974018       2.91211581    
   8.63498020       4.33404112       6.56639433       9.22834682       2.75865674       1.09395707       3.51273060       2.91432834       4.38702965       2.76233411    
   8.59916973       4.44842243       6.76263666       9.25488281       2.73285198      0.921836674       3.31515288       2.71276426       4.36329842       2.60639238    
   8.56335926       4.56280375       6.95887899       9.28141880       2.70708704      0.749813676       3.11780548       2.51114058       4.33929777       2.45041323    
   8.52754879       4.67718506       7.15512133       9.30795479       2.68136072      0.577916145       2.92170405       2.30933428       4.31401539       2.29449010    
   8.49173832       4.79156637       7.35136366       9.33449078       2.65566587      0.406175226       2.72624803       2.10737443       4.28805542       2.13856483    
   8.45592785       4.90594769       7.54760599       9.36102676       2.62998986      0.234619305       2.53110743       1.90524757       4.26176023       1.98262143    
   8.42011738       5.02032900       7.74384832       9.38756275       2.60431361       6.32687137E-02   2.33613801       1.70293462       4.23529387       1.82665956    
   8.38430691       5.13471031       7.94009066       9.41409874       2.57861495      -8.30220208E-02   2.14128613       1.50042593       4.20873213       1.67068040    
   8.34849644       5.24909163       8.13633251       9.44063473       2.55285978       1.60595996E-03   1.94655001       1.29768646       4.18211222       1.51468480    
   8.31268597       5.36347294       8.33257484       9.46717072       2.52685356      0.173212558       1.75211179       1.09442961       4.15544510       1.35866725    
   8.27687550       5.47785425       8.52881718       9.49370670       2.50001621      0.345826030       1.55856729      0.890200675       4.12871552       1.20261586    
   8.24106503       5.59223557       8.72505951       9.52024269       2.47186184      0.519295216       1.36644113      0.685163677       4.10188484       1.04651654    
   8.20525455       5.70661688       8.92130184       9.54677868       2.44230604      0.693067193       1.17588055      0.479873210       4.07488918      0.890367806    
   8.16944408       5.82099819       9.11754417       9.57331467       2.41195607      0.866739154      0.986330569      0.274708033       4.04767704      0.734193861    
   8.13363361       5.93537951       9.31378651       9.59985065       2.38147473       1.04026747      0.797130704       6.96701482E-02   4.02024555      0.578036368    
   8.09782314       6.04976082       9.51002884       9.62638664       2.35106516       1.21369743      0.608027458     -0.101370320       3.99264717      0.421922863    
   8.06201267       6.16414213       9.70627117       9.65292263       2.32072687       1.38706017      0.418954223       7.83169083E-03   3.96494699      0.265855461    
   8.02620220       6.27852345       9.90251350       9.67945862       2.29042363       1.56037807      0.229897544      0.212696537       3.93719459      0.109821536    
   7.99039507       6.39290476       10.0838633       9.70599461       2.26013255       1.73366773       4.08531390E-02  0.417568892       3.90941763      -4.37134989E-02
   7.95459652       6.50728607       10.0230904       9.73253059       2.22984743       1.90694082      -9.74871367E-02  0.622446239       3.88162851      -4.75369617E-02
   7.91879797       6.62167835       9.82715130       9.75906658       2.19955969       2.08020139       3.06043942E-02  0.827327490       3.85383224      0.105143279    
   7.88299942       6.73607159       9.63102818       9.78560257       2.16926694       2.25344825      0.219540834       1.03221488       3.82602930      0.261108190    
   7.84720087       6.85046482       9.43490505       9.81213856       2.13896155       2.42667580      0.408497155       1.23711419       3.79821968      0.417080671    
   7.81140232       6.96485806       9.23878193       9.83867455       2.10862660       2.59987164      0.597489715       1.44203782       3.77040315      0.573060393    
   7.77560377       7.07925129       9.04265881       9.86518860       2.07823038       2.77300835      0.786550999       1.64701295       3.74257851      0.729047239    
   7.73980522       7.19364452       8.84653568       9.89170074       2.04770970       2.94602275      0.975744903       1.85210299       3.71474624      0.885041296    
   7.70401049       7.30804300       8.65041256       9.91821289       2.01694131       3.11876702       1.16519630       2.05745625       3.68690491       1.04104328    
   7.66822386       7.42244816       8.45428944       9.94472504       1.98571491       3.29090953       1.35511649       2.26340151       3.65905213       1.19705391    
   7.63243723       7.53686094       8.25816631       9.97123146       1.95380700       3.46189523       1.54573298       2.47049308       3.63118482       1.35307527    
   7.59665060       7.65128469       8.06204319       9.99771976       1.92138875       3.63170648       1.73688030       2.67874527       3.60329676       1.50911117    
   7.56086397       7.76572561       7.86591530       10.0134106       1.88917470       3.80372643       1.92785323       2.88476610       3.57537842       1.66516864    
   7.52508926       7.88019085       7.66978025       9.99226379       1.85652113       3.98344588       2.11931014       3.08305240       3.54741645       1.82126105    
   7.48931456       7.99469566       7.47364521       9.96573830       1.82264125       4.16830921       2.31205773       3.27613473       3.51938963       1.97741365    
   7.45353985       8.10926533       7.27751017       9.93914795       1.78895187       4.35306311       2.50470901       3.46922398       3.49126935       2.13367009    
   7.41774988       8.22393990       7.08138895       9.91245461       1.75621581       4.53662825       2.69653058       3.66333246       3.46302485       2.29009748    
   7.38192797       8.33877182       6.88529968       9.88560200       1.72422576       4.71947575       2.88775110       3.85789514       3.43463516       2.44678593    
   7.34603167       8.45382881       6.68928528       9.85852337       1.69265437       4.90200281       3.07868934       4.05242443       3.40610957       2.60382867    
   7.30999660       8.56917667       6.49340916       9.83115482       1.66129577       5.08439398       3.26951003       4.24667454       3.37748885       2.76128626    
   7.27374887       8.68485260       6.29774570       9.80345821       1.63004398       5.26672649       3.46025729       4.44056702       3.34883404       2.91916037    
   7.23722315       8.80084896       6.10236168       9.77544212       1.59884810       5.44902992       3.65092731       4.63412857       3.32020092       3.07739353    
   7.20039034       8.91710758       5.90728283       9.74716473       1.56768262       5.63131952       3.84151483       4.82743549       3.29161978       3.23589611    
   7.16327333       9.03355122       5.71248770       9.71870136       1.53653467       5.81360245       4.03202724       5.02056885       3.26309633       3.39458013    
   7.12592363       9.15010738       5.51792479       9.69012451       1.50539756       5.99587584       4.22248030       5.21359539       3.23462129       3.55337739    
   7.08840466       9.26672173       5.32353115       9.66149044       1.47426760       6.17814684       4.41289091       5.40655947       3.20618224       3.71224213    
   7.05077267       9.38335705       5.12925291       9.63283253       1.44314301       6.36041784       4.60327339       5.59948778       3.17776704       3.87114644    
   7.01306772       9.50001526       4.93504620       9.60415459       1.41202199       6.54268122       4.79363585       5.79239655       3.14936709       4.03007317    
   6.97531843       9.61667347       4.74088383       9.57547283       1.38090420       6.72494030       4.98398829       5.98529387       3.12097597       4.18901491    
   6.93754148       9.73333168       4.54674768       9.54679108       1.34978890       6.90719938       5.17432976       6.17818642       3.09259105       4.34796810    
   6.89974689       9.84998989       4.35262871       9.51810932       1.31867588       7.08945847       5.36467123       6.37107897       3.06420732       4.50692320    
   6.86194372       9.96664810       4.15852022       9.48942757       1.28756523       7.27171755       5.55500364       6.56397152       3.03582597       4.66588879    
   6.82413054       10.0592003       3.96441770       9.46074581       1.25645733       7.45397663       5.74533319       6.75686407       3.00744820       4.82485437    
   6.78631735       9.98924160       3.77032065       9.43206406       1.22535193       7.63622713       5.93566275       6.94975662       2.97907043       4.98381996    
   6.74849701       9.87255955       3.57622409       9.40338230       1.19425023       7.81847429       6.12599230       7.14265060       2.95069170       5.14279222    
   6.71067190       9.75587749       3.38212752       9.37470055       1.16315401       8.00072956       6.31632185       7.33555508       2.92230797       5.30176973    
   6.67284679       9.63917732       3.18802404       9.34601116       1.13206708       8.18297863       6.50665140       7.52847385       2.89392424       5.46074724    
   6.63501644       9.52243328       2.99390626       9.31730556       1.10099781       8.36524963       6.69698095       7.72143602       2.86554050       5.61972475    
   6.59719515       9.40555763       2.79975271       9.28858471       1.06996679       8.54753017       6.88730288       7.91452932       2.83715677       5.77870226    
   6.55946255       9.28829193       2.60551357       9.25982666       1.03902328       8.72984505       7.07753181       8.10801220       2.80877304       5.93768835    
   6.52216291       9.17013454       2.41105938       9.23099709       1.00829554       8.91222763       7.26732779       8.30238628       2.78038931       6.09667778    
   6.48588848       9.05081558       2.21606445       9.20205402      0.978110194       9.09472084       7.45609713       8.49792385       2.75200558       6.25566721    


          10          10
