   1.45000684       1.09093750    
   1.56784225       1.28097796    
   1.68567765       1.47101843    
   1.80351305       1.66105890    
   1.92134845       1.85109937    
   2.03918290       2.04113913    
   2.15701532       2.23117661    
   2.27484775       2.42121410    
   2.39268017       2.61125159    
   2.51051259       2.80128908    
   2.62834501       2.99132657    
   2.74617743       3.18136406    
   2.86400986       3.37140155    
   2.98184228       3.56143904    
   3.09967470       3.75147653    
   3.21750712       3.94151402    
   3.33533955       4.13155556    
   3.45317197       4.32159901    
   3.57100439       4.51164246    
   3.68883681       4.70168591    
   3.80666924       4.89172935    
   3.92450166       5.08177280    
   4.04233599       5.27181625    
   4.16017437       5.46185970    
   4.27801275       5.65190315    
   4.39585114       5.84194660    
   4.51368952       6.03199005    
   4.63152790       6.22203350    
   4.74936628       6.41207695    
   4.86720467       6.60212040    
   4.98504305       6.79216385    
   5.10288143       6.98220730    
   5.22071981       7.17225075    
   5.33855820       7.36229420    
   5.45639658       7.55233765    
   5.57423496       7.74238110    
   5.69207335       7.93242455    
   5.80991173       8.12246799    
   5.92775011       8.31251144    
   6.04558849       8.50255489    
   6.16342688       8.69259834    
   6.28126526       8.88264179    
   6.39910364       9.07268524    
   6.51694202       9.26272869    
   6.63478041       9.45277214    
   6.75261879       9.64281559    
   6.87045717       9.83285904    
   6.98829556       10.0227165    
   7.10613394       10.0810738    
   7.22397232       9.90518188    
   7.34181070       9.71501923    
   7.45964909       9.52485657    
   7.57748747       9.33469391    
   7.69532585       9.14453125    
   7.81316423       8.95436859    
   7.93100262       8.76420593    
   8.04883575       8.57404327    
   8.16666222       8.38388062    
   8.28448868       8.19371796    
   8.40231514       8.00355530    
   8.52014160       7.81338072    
   8.63796806       7.62320614    
   8.75579453       7.43303156    
   8.87362099       7.24285698    
   8.99144745       7.05268240    
   9.10927391       6.86250782    
   9.22710037       6.67233324    
   9.34492683       6.48215866    
   9.46275330       6.29198408    
   9.58057976       6.10180950    
   9.69840622       5.91163492    
   9.81623268       5.72146034    
   9.93405914       5.53128576    
   10.0458651       5.34111118    
   10.0209761       5.15093660    
   9.90348816       4.96076202    
   9.78556633       4.77058744    
   9.66764450       4.58041286    
   9.54972267       4.39023829    
   9.43180084       4.20006371    
   9.31387901       4.00988913    
   9.19595718       3.81971455    
   9.07803535       3.62953997    
   8.96011353       3.43936539    
   8.84219170       3.24919081    
   8.72426987       3.05901623    
   8.60634804       2.86884165    
   8.48842621       2.67866707    
   8.37050438       2.48849249    
   8.25258255       2.29831791    
   8.13466072       2.10814333    
   8.01673889       1.91797006    
   7.89881706       1.72779846    
   7.78089523       1.53762686    
   7.66297340       1.34745526    
   7.54505157       1.15728366    
   7.42712975      0.967112064    
   7.30920792      0.776940465    
   7.19128609      0.586768866    
   7.07336426      0.396597266    
   6.95544243      0.206425577    
   6.83752060       1.62536949E-02
   6.71959877      -9.62724462E-02
   6.60167694       5.56668416E-02
   6.48375511      0.245894685    
   6.36583328      0.436122179    
   6.24791145      0.626350164    
   6.12998962      0.816578388    
   6.01206779       1.00680661    
   5.89414597       1.19703484    
   5.77622414       1.38726306    
   5.65830231       1.57749128    
   5.54038048       1.76771951    
   5.42245865       1.95794773    
   5.30453682       2.14817595    
   5.18661499       2.33840418    
   5.06869316       2.52863240    
   4.95077133       2.71886063    
   4.83284950       2.90908885    
   4.71492767       3.09931707    
   4.59700584       3.28954530    
   4.47908401       3.47977352    
   4.36116219       3.67000175    
   4.24324036       3.86022997    
   4.12531853       4.05045652    
   4.00739670       4.24067879    
   3.88948059       4.43090105    
   3.77156472       4.62112331    
   3.65364885       4.81134558    
   3.53573298       5.00156784    
   3.41781712       5.19179010    
   3.29990125       5.38201237    
   3.18198538       5.57223463    
   3.06406951       5.76245689    
   2.94615364       5.95267916    
   2.82823777       6.14290142    
   2.71032190       6.33312368    
   2.59240603       6.52334595    
   2.47449017       6.71356821    
   2.35657430       6.90379047    
   2.23865843       7.09401274    
   2.12074256       7.28423500    
   2.00282669       7.47445726    
   1.88491082       7.66467953    
   1.76699495       7.85490179    
   1.64907908       8.04512691    
   1.53116322       8.23536110    
   1.41324735       8.42559528    
   1.29533148       8.61582947    
   1.17741561       8.80606365    
   1.05949974       8.99629784    
  0.941583872       9.18653202    
  0.823668003       9.37676620    
  0.705752134       9.56700039    
  0.587836266       9.75723457    
  0.469920397       9.94746876    
  0.352004528       10.0968866    
  0.234088600       9.98059654    
  0.116172373       9.79029083    
  -1.74372224E-03   9.59998512    
  -5.62098622E-02   9.40967941    
   4.63143438E-02   9.21937370    
  0.164199769       9.02906799    
  0.282085091       8.83876228    
  0.399970412       8.64845657    
  0.517855823       8.45815086    
  0.635741889       8.26784515    
  0.753627956       8.07753944    
  0.871514022       7.88722658    
  0.989400089       7.69690895    
   1.10728610       7.50659132    
   1.22517216       7.31627369    
   1.34305823       7.12595606    
   1.46094429       6.93563843    
   1.57883036       6.74532080    
   1.69671643       6.55500317    
   1.81460249       6.36468554    
   1.93248856       6.17436790    
   2.05037451       5.98405027    
   2.16826057       5.79373264    
   2.28614664       5.60341501    
   2.40403271       5.41309738    
   2.52191877       5.22277975    
   2.63980484       5.03246212    
   2.75769091       4.84214449    
   2.87557697       4.65182686    
   2.99346304       4.46150923    
   3.11134911       4.27119160    
   3.22923517       4.08087397    
   3.34712124       3.89055634    
   3.46500731       3.70023870    
   3.58289337       3.50992107    
   3.70077944       3.31960344    
   3.81866550       3.12928581    
   3.93655157       2.93896818    
   4.05443764       2.74865055    
   4.17232370       2.55833292    
   4.29020977       2.36801529    
   4.40809584       2.17769766    
   4.52598190       1.98738003    
   4.64386797       1.79706240    
   4.76175404       1.60674477    
   4.87964010       1.41642714    
   4.99752617       1.22610950    
   5.11541224       1.03579187    
   5.23329830      0.845474243    
   5.35118437      0.655156612    
   5.46907043      0.464838982    
   5.58695650      0.274521351    
   5.70484257       8.42037648E-02
   5.82272863      -8.67279917E-02
   5.94061470      -1.22238919E-02
   6.05850077      0.178169236    
   6.17638683      0.368590295    
   6.29427290      0.559011281    
   6.41215897      0.749431729    
   6.53004503      0.939852178    
   6.64793110       1.13027370    
   6.76581717       1.32069564    
   6.88370323       1.51111758    
   7.00158930       1.70153952    
   7.11947536       1.89196146    
   7.23736143       2.08238220    
   7.35524750       2.27280116    
   7.47313356       2.46322012    
   7.59101963       2.65363908    
   7.70890570       2.84405804    
   7.82679176       3.03447700    
   7.94467783       3.22489595    
   8.06255722       3.41531491    
   8.18043137       3.60573387    
   8.29830551       3.79615283    
   8.41617966       3.98657179    
   8.53405380       4.17699623    
   8.65192795       4.36742115    
   8.76980209       4.55784607    
   8.88767624       4.74827099    
   9.00555038       4.93869591    
   9.12342453       5.12912083    
   9.24129868       5.31954575    
   9.35917282       5.50997066    
   9.47704697       5.70039558    
   9.59492111       5.89082050    
   9.71279526       6.08124542    
   9.83066940       6.27167034    
   9.94854355       6.46209526    
   10.0540419       6.65252018    
   10.0068808       6.84294510    
   9.88894844       7.03337002    
   9.77100277       7.22379494    
   9.65305710       7.41421986    
   9.53511143       7.60464478    
   9.41716576       7.79506969    
   9.29922009       7.98549461    
   9.18127441       8.17591953    
   9.06332874       8.36634445    
   8.94538307       8.55676937    
   8.82743740       8.74719429    
   8.70949173       8.93761921    
   8.59154606       9.12804413    
   8.47360039       9.31846905    
   8.35565472       9.50889397    
   8.23770905       9.69931889    
   8.11976337       9.88974380    
   8.00181770       10.0715914    
   7.88387203       10.0373077    
   7.76592636       9.84792805    
   7.64798069       9.65762234    
   7.53003502       9.46731663    
   7.41208935       9.27701092    
   7.29414368       9.08670521    
   7.17619801       8.89639950    
   7.05825233       8.70609379    
   6.94030666       8.51578808    
   6.82236099       8.32548237    
   6.70441532       8.13517666    
   6.58646965       7.94487476    
   6.46852398       7.75458097    
   6.35057831       7.56428719    
   6.23263264       7.37399340    
   6.11468697       7.18369961    
   5.99674129       6.99340582    
   5.87879562       6.80311203    
   5.76084995       6.61281824    
   5.64290428       6.42252445    
   5.52495861       6.23223066    
   5.40701294       6.04193687    
   5.28906727       5.85164309    
   5.17112160       5.66134930    
   5.05317593       5.47105551    
   4.93523026       5.28076172    
   4.81728458       5.09046793    
   4.69933891       4.90017414    
   4.58139324       4.70988035    
   4.46344757       4.51958656    
   4.34550190       4.32929277    
   4.22755623       4.13899899    
   4.10961056       3.94870520    
   3.99166441       3.75841141    
   3.87371278       3.56811762    
   3.75576115       3.37782383    
   3.63780951       3.18753004    
   3.51985788       2.99723625    
   3.40190625       2.80694246    
   3.28395462       2.61664867    
   3.16600299       2.42635489    
   3.04805136       2.23606110    
   2.93009973       2.04576731    
   2.81214809       1.85547352    
   2.69419646       1.66517973    
   2.57624483       1.47488594    
   2.45829320       1.28459215    
   2.34034157       1.09429836    
   2.22238994      0.904003799    
   2.10443830      0.713708520    
   1.98648703      0.523413241    
   1.86853838      0.333118618    
   1.75058973      0.142823860    
   1.63264108      -4.56654765E-02
   1.51469243      -6.49150610E-02
   1.39674377      0.119431235    
   1.27879512      0.309745401    
   1.16084647      0.500059307    
   1.04289782      0.690373957    
  0.924949169      0.880688608    
  0.807000518       1.07100320    
  0.689051867       1.26131785    
  0.571103215       1.45163250    
  0.453154564       1.64194715    
  0.335205913       1.83226180    
  0.217257261       2.02257609    
   9.93086100E-02   2.21288776    
  -1.83663350E-02   2.40319943    
  -4.76835780E-02   2.59351110    
   6.32731169E-02   2.78382277    
  0.181290686       2.97413445    
  0.299308091       3.16444612    
  0.417325288       3.35475779    
  0.535342515       3.54506946    
  0.653359711       3.73538113    
  0.771376908       3.92569280    
  0.889394104       4.11600828    
   1.00741136       4.30632591    
   1.12542856       4.49664354    
   1.24344575       4.68696117    
   1.36146295       4.87727880    
   1.47948015       5.06759644    
   1.59749734       5.25791407    
   1.71551454       5.44823170    
   1.83353174       5.63854933    
   1.95154893       5.82886696    
   2.06956625       6.01918459    
   2.18758345       6.20950222    
   2.30560064       6.39981985    
   2.42361784       6.59013748    
   2.54163504       6.78045511    
   2.65965223       6.97077274    
   2.77766943       7.16109037    
   2.89568663       7.35140800    
   3.01370382       7.54172564    
   3.13172102       7.73204327    
   3.24973822       7.92236090    
   3.36775541       8.11267185    
   3.48577261       8.30297756    
   3.60378981       8.49328327    
   3.72180700       8.68358898    
   3.83982420       8.87389469    
   3.95784140       9.06420040    
   4.07585859       9.25450611    
   4.19387579       9.44481182    
   4.31189299       9.63511753    
   4.42991018       9.82542324    
   4.54792738       10.0156746    
   4.66594458       10.0850286    
   4.78396177       9.91226292    
   4.90197897       9.72183800    
   5.01999617       9.53141308    
   5.13801336       9.34098816    
   5.25603056       9.15056324    
   5.37404776       8.96013832    
   5.49206495       8.76971340    
   5.61008215       8.57928848    
   5.72809935       8.38886356    
   5.84611654       8.19843864    
   5.96413374       8.00801373    
   6.08215094       7.81758881    
   6.20016813       7.62716389    
   6.31818533       7.43673897    
   6.43620253       7.24631405    
   6.55421972       7.05588913    
   6.67223692       6.86546421    
   6.79025412       6.67503929    
   6.90827131       6.48461437    
   7.02628851       6.29418945    
   7.14430571       6.10376453    
   7.26232290       5.91333961    
   7.38034010       5.72291470    
   7.49835730       5.53248978    
   7.61637449       5.34206486    
   7.73439169       5.15163994    


          10          10
