  0.939007103       2.06542063    
  0.756028414       2.26168251    
  0.573049724       2.45794439    
  0.390070975       2.65420628    
  0.207092211       2.85046816    
   2.41134763E-02   3.04673004    
  -6.91631287E-02   3.24299192    
  0.100375600       3.43925381    
  0.282564551       3.63551569    
  0.464753509       3.83177757    
  0.646942377       4.02803946    
  0.829131246       4.22430134    
   1.01132011       4.42056322    
   1.19350898       4.61682510    
   1.37569785       4.81308699    
   1.55788672       5.00934887    
   1.74007559       5.20561075    
   1.92226446       5.40187263    
   2.10445356       5.59813452    
   2.28664279       5.79439640    
   2.46883202       5.99065828    
   2.65102124       6.18692017    
   2.83321047       6.38318205    
   3.01539969       6.57944393    
   3.19758892       6.77570581    
   3.37977815       6.97196770    
   3.56196737       7.16822958    
   3.74415660       7.36449146    
   3.92634583       7.56075335    
   4.10853481       7.75701523    
   4.29072332       7.95327711    
   4.47291183       8.14953995    
   4.65510035       8.34580326    
   4.83728886       8.54206657    
   5.01947737       8.73832989    
   5.20166588       8.93459320    
   5.38385439       9.13085651    
   5.56604290       9.32711983    
   5.74823141       9.52338314    
   5.93041992       9.71964645    
   6.11260843       9.91590977    
   6.29479694       10.0841217    
   6.47698545       9.95040703    
   6.65917397       9.75571728    
   6.84136248       9.56102753    
   7.02355099       9.36633778    
   7.20573950       9.17164803    
   7.38792801       8.97695827    
   7.57011652       8.78226852    
   7.75230503       8.58757877    
   7.93449354       8.39288902    
   8.11668301       8.19819927    
   8.29887295       8.00350952    
   8.48106289       7.80881977    
   8.66325283       7.61413002    
   8.84544277       7.41944027    
   9.02763271       7.22475052    
   9.20982265       7.03006077    
   9.39201260       6.83537102    
   9.57420254       6.64068127    
   9.75639248       6.44599152    
   9.93858242       6.25130177    
   10.0847464       6.05661201    
   9.93599224       5.86192226    
   9.75207710       5.66723251    
   9.56816196       5.47254276    
   9.38424683       5.27785301    
   9.20033169       5.08316326    
   9.01641655       4.88847351    
   8.83250141       4.69378376    
   8.64858627       4.49909401    
   8.46467113       4.30440426    
   8.28075600       4.10971451    
   8.09684086       3.91502476    
   7.91292572       3.72033501    
   7.72901058       3.52564526    
   7.54509544       3.33095551    
   7.36118031       3.13626575    
   7.17726517       2.94157600    
   6.99335003       2.74688625    
   6.80943489       2.55219650    
   6.62551975       2.35750675    
   6.44160461       2.16281700    
   6.25768948       1.96812725    
   6.07377434       1.77343750    
   5.88985920       1.57874775    
   5.70594406       1.38405800    
   5.52202892       1.18936825    
   5.33811378      0.994678438    
   5.15419865      0.799988508    
   4.97028351      0.605298579    
   4.78636837      0.410608649    
   4.60245323      0.215918735    
   4.41853809       2.12288480E-02
   4.23462296      -7.16414601E-02
   4.05070782      0.111001186    
   3.86679268      0.304404438    
   3.68287754      0.497807711    
   3.49896240      0.691210926    
   3.31504726      0.884614110    
   3.13113213       1.07801735    
   2.94721699       1.27142072    
   2.76330185       1.46482408    
   2.57938671       1.65822744    
   2.39547157       1.85163081    
   2.21155643       2.04503417    
   2.02764130       2.23843718    
   1.84372616       2.43184018    
   1.65981102       2.62524319    
   1.47589588       2.81864619    
   1.29198074       3.01204920    
   1.10806561       3.20545220    
  0.924150586       3.39885521    
  0.740235627       3.59225821    
  0.556320667       3.78566122    
  0.372405708       3.97906423    
  0.188490719       4.17246771    
   4.57572611E-03   4.36587143    
  -6.08661212E-02   4.55927515    
  0.119543679       4.75267887    
  0.300683022       4.94608259    
  0.481822342       5.13948631    
  0.662961721       5.33289003    
  0.844101131       5.52629375    
   1.02524054       5.71969748    
   1.20637977       5.91310120    
   1.38751900       6.10650492    
   1.56865823       6.29990864    
   1.74979746       6.49331236    
   1.93093669       6.68671608    
   2.11207604       6.88011980    
   2.29321527       7.07352352    
   2.47435451       7.26692724    
   2.65549374       7.46033096    
   2.83663297       7.65373468    
   3.01777220       7.84713840    
   3.19891143       8.04054165    
   3.38005066       8.23394394    
   3.56118989       8.42734623    
   3.74232912       8.62074852    
   3.92346835       8.81415081    
   4.10460806       9.00755310    
   4.28574800       9.20095539    
   4.46688795       9.39435768    
   4.64802790       9.58775997    
   4.82916784       9.78116226    
   5.01030779       9.97456455    
   5.19144773       10.0730810    
   5.37258768       9.89385605    
   5.55372763       9.70129204    
   5.73486757       9.50872803    
   5.91600752       9.31616402    
   6.09714746       9.12360001    
   6.27828741       8.93103600    
   6.45942736       8.73847198    
   6.64056730       8.54590797    
   6.82170725       8.35334396    
   7.00284719       8.16077995    
   7.18398714       7.96821594    
   7.36512709       7.77565193    
   7.54626703       7.58308792    
   7.72740698       7.39052391    
   7.90854692       7.19795990    
   8.08968639       7.00539589    
   8.27082634       6.81283188    
   8.45196629       6.62026787    
   8.63310623       6.42770386    
   8.81424618       6.23513985    
   8.99538612       6.04257584    
   9.17652607       5.85001183    
   9.35766602       5.65744781    
   9.53880596       5.46488380    
   9.71994591       5.27231979    
   9.90108585       5.07975578    
   10.0691185       4.88719177    
   9.97515678       4.69462776    
   9.79331875       4.50206375    
   9.61148071       4.30949974    
   9.42964268       4.11693573    
   9.24780464       3.92437220    
   9.06596661       3.73180890    
   8.88412857       3.53924561    
   8.70229053       3.34668231    
   8.52045250       3.15411901    
   8.33861446       2.96155572    
   8.15677643       2.76899242    
   7.97493887       2.57642913    
   7.79310226       2.38386583    
   7.61126566       2.19130254    
   7.42942905       1.99873912    
   7.24759245       1.80617547    
   7.06575584       1.61361182    
   6.88391924       1.42104816    
   6.70208263       1.22848451    
   6.52024603       1.03592086    
   6.33840942      0.843357205    
   6.15657282      0.650793552    
   5.97473621      0.458229899    
   5.79289961      0.265666246    
   5.61106300       7.31026307E-02
   5.42922640      -8.62971172E-02
   5.24738979       5.78948259E-02
   5.06555319      0.247967914    
   4.88371658      0.438040972    
   4.70187998      0.628114104    
   4.52004337      0.818187237    
   4.33820677       1.00826037    
   4.15637016       1.19833350    
   3.97453356       1.38840663    
   3.79269695       1.57847977    
   3.61086035       1.76855290    
   3.42902374       1.95862603    
   3.24718714       2.14869881    
   3.06535053       2.33877158    
   2.88351393       2.52884436    
   2.70167732       2.71891713    
   2.51984072       2.90898991    
   2.33800411       3.09906268    
   2.15616751       3.28913546    
   1.97433078       3.47920823    
   1.79249382       3.66928101    
   1.61065686       3.85935378    
   1.42881989       4.04942656    
   1.24698293       4.23950005    
   1.06514597       4.42957354    
  0.883309007       4.61964703    
  0.701472044       4.80972052    
  0.519635081       4.99979401    
  0.337798208       5.18986750    
  0.155961305       5.37994099    
  -2.58756131E-02   5.57001448    
  -3.18981931E-02   5.76008797    
  0.150239840       5.95016146    
  0.332377851       6.14023495    
  0.514515877       6.33030844    
  0.696653962       6.52038193    
  0.878792048       6.71045542    
   1.06093013       6.90052891    
   1.24306822       7.09060240    
   1.42520630       7.28067589    
   1.60734439       7.47074938    
   1.78948247       7.66082287    
   1.97162056       7.85089636    
   2.15375829       8.04096985    
   2.33589602       8.23104191    
   2.51803374       8.42111397    
   2.70017147       8.61118603    
   2.88230920       8.80125809    
   3.06444693       8.99133015    
   3.24658465       9.18140221    
   3.42872238       9.37147427    
   3.61086011       9.56154633    
   3.79299784       9.75161839    
   3.97513556       9.94169044    
   4.15727377       10.0864801    
   4.33941221       9.92728996    
   4.52155066       9.73468304    
   4.70368910       9.54207611    
   4.88582754       9.34946918    
   5.06796598       9.15686226    
   5.25010443       8.96425533    
   5.43224287       8.77164841    
   5.61438131       8.57904148    
   5.79651976       8.38643456    
   5.97865820       8.19382763    
   6.16079664       8.00122070    
   6.34293509       7.80861378    
   6.52507353       7.61600685    
   6.70721197       7.42339993    
   6.88935041       7.23079300    
   7.07148886       7.03818607    
   7.25362730       6.84557915    
   7.43576574       6.65297222    
   7.61790419       6.46036530    
   7.80004263       6.26775837    
   7.98218107       6.07515144    
   8.16431904       5.88254452    
   8.34645748       5.68993759    
   8.52859592       5.49733067    
   8.71073437       5.30472374    
   8.89287281       5.11211681    
   9.07501125       4.91950989    
   9.25714970       4.72690296    
   9.43928814       4.53429604    
   9.62142658       4.34168911    
   9.80356503       4.14908218    
   9.98570347       3.95647550    
   10.0645742       3.76386929    
   9.89087677       3.57126307    
   9.71050358       3.37865686    
   9.53013039       3.18605065    
   9.34975719       2.99344444    
   9.16938400       2.80083823    
   8.98901081       2.60823202    
   8.80863762       2.41562581    
   8.62826443       2.22301960    
   8.44789124       2.03041339    
   8.26751804       1.83780682    
   8.08714485       1.64520025    
   7.90677166       1.45259368    
   7.72639847       1.25998712    
   7.54602528       1.06738055    
   7.36565208      0.874774098    
   7.18527889      0.682167709    
   7.00490570      0.489561290    
   6.82453251      0.296954811    
   6.64415932      0.104348339    
   6.46378613      -7.38245398E-02
   6.28341293       2.72279028E-02
   6.10303974      0.220491216    
   5.92266655      0.413754553    
   5.74229336      0.607017875    
   5.56192017      0.800281227    
   5.38154697      0.993544579    
   5.20117378       1.18680775    
   5.02080059       1.38007092    
   4.84042740       1.57333410    
   4.66005421       1.76659727    
   4.47968102       1.95986044    
   4.29930782       2.15312386    
   4.11893463       2.34638739    
   3.93856144       2.53965092    
   3.75818825       2.73291445    
   3.57781506       2.92617798    
   3.39744186       3.11944151    
   3.21706867       3.31270504    
   3.03669548       3.50596857    
   2.85632229       3.69923210    
   2.67594910       3.89249563    
   2.49557590       4.08575916    
   2.31520271       4.27902269    
   2.13482952       4.47228622    
   1.95445645       4.66554976    
   1.77408361       4.85881329    
