  0.969503522       2.03271031    
  0.786524653       2.22897220    
  0.603545785       2.42523408    
  0.420567006       2.62149596    
  0.237588301       2.81775784    
   5.46095446E-02   3.01401973    
  -7.90703669E-02   3.21028161    
   6.53362647E-02   3.40654349    
  0.247770920       3.60280538    
  0.430205643       3.79906726    
  0.612640262       3.99532914    
  0.795074821       4.19159222    
  0.977509379       4.38785553    
   1.15994394       4.58411884    
   1.34237850       4.78038216    
   1.52481306       4.97664547    
   1.70724761       5.17290878    
   1.88968217       5.36917210    
   2.07211685       5.56543541    
   2.25455141       5.76169872    
   2.43698597       5.95796204    
   2.61942053       6.15422535    
   2.80185509       6.35048866    
   2.98428965       6.54675198    
   3.16672421       6.74301529    
   3.34915876       6.93927860    
   3.53159332       7.13554192    
   3.71402788       7.33180523    
   3.89646244       7.52806854    
   4.07889748       7.72433186    
   4.26133347       7.92059517    
   4.44376945       8.11685658    
   4.62620544       8.31311703    
   4.80864143       8.50937748    
   4.99107742       8.70563793    
   5.17351341       8.90189838    
   5.35594940       9.09815884    
   5.53838539       9.29441929    
   5.72082138       9.49067974    
   5.90325737       9.68694019    
   6.08569336       9.88320065    
   6.26812935       10.0685530    
   6.45056534       9.98792076    
   6.63300133       9.79184341    
   6.81543732       9.59576607    
   6.99787331       9.39968872    
   7.18030930       9.20361137    
   7.36274529       9.00753403    
   7.54518127       8.81145668    
   7.72761726       8.61537933    
   7.91005325       8.41930199    
   8.09248924       8.22322464    
   8.27492523       8.02714729    
   8.45736122       7.83106995    
   8.63979721       7.63499260    
   8.82223320       7.43891525    
   9.00466919       7.24283791    
   9.18710518       7.04676056    
   9.36954117       6.85068321    
   9.55197716       6.65460587    
   9.73441315       6.45852852    
   9.91684914       6.26245117    
   10.0753450       6.06637383    
   9.96344852       5.87029648    
   9.78146458       5.67421913    
   9.59948063       5.47814178    
   9.41749668       5.28206444    
   9.23551273       5.08598709    
   9.05352879       4.88990974    
   8.87154484       4.69383240    
   8.68956089       4.49775505    
   8.50757694       4.30167770    
   8.32559299       4.10560036    
   8.14360905       3.90952301    
   7.96162415       3.71344566    
   7.77963734       3.51736832    
   7.59765053       3.32129097    
   7.41566372       3.12521362    
   7.23367691       2.92913628    
   7.05169010       2.73305893    
   6.86970329       2.53698158    
   6.68771648       2.34090424    
   6.50572968       2.14482689    
   6.32374287       1.94874930    
   6.14175606       1.75267124    
   5.95976925       1.55659318    
   5.77778244       1.36051512    
   5.59579563       1.16443706    
   5.41380882      0.968359053    
   5.23182201      0.772281349    
   5.04983521      0.576203644    
   4.86784840      0.380125940    
   4.68586159      0.184048191    
   4.50387478      -1.20295919E-02
   4.32188797      -5.18151745E-02
   4.13990116      0.140582934    
   3.95791435      0.336366534    
   3.77592754      0.532150090    
   3.59394073      0.727933824    
   3.41195393      0.923717558    
   3.22996712       1.11950111    
   3.04798031       1.31528449    
   2.86599350       1.51106787    
   2.68400669       1.70685124    
   2.50201988       1.90263462    
   2.32003307       2.09841847    
   2.13804626       2.29420257    
   1.95605969       2.48998666    
   1.77407360       2.68577075    
   1.59208751       2.88155484    
   1.41010141       3.07733893    
   1.22811532       3.27312303    
   1.04612923       3.46890712    
  0.864143133       3.66469121    
  0.682157040       3.86047530    
  0.500170946       4.05625916    
  0.318184853       4.25204182    
  0.136198759       4.44782448    
  -4.34689224E-02   4.64360714    
  -1.66778155E-02   4.83938980    
  0.165274233       5.03517246    
  0.347226322       5.23095512    
  0.529178441       5.42673779    
  0.711130559       5.62252045    
  0.893082678       5.81830311    
   1.07503462       6.01408577    
   1.25698638       6.20986843    
   1.43893814       6.40565109    
   1.62088990       6.60143375    
   1.80284166       6.79721642    
   1.98479342       6.99299908    
   2.16674590       7.18878174    
   2.34869838       7.38456440    
   2.53065085       7.58034706    
   2.71260333       7.77612972    
   2.89455581       7.97191238    
   3.07650828       8.16769791    
   3.25846076       8.36348343    
   3.44041324       8.55926895    
   3.62236571       8.75505447    
   3.80431819       8.95084000    
   3.98627067       9.14662552    
   4.16822290       9.34241104    
   4.35017538       9.53819656    
   4.53212786       9.73398209    
   4.71408033       9.92976761    
   4.89603281       10.0848322    
   5.07798529       9.94151115    
   5.25993776       9.74515343    
   5.44189024       9.54879570    
   5.62384272       9.35243797    
   5.80579519       9.15608025    
   5.98774767       8.95972252    
   6.16970015       8.76336479    
   6.35165262       8.56700706    
   6.53360510       8.37064934    
   6.71555758       8.17429161    
   6.89751005       7.97793341    
   7.07946253       7.78157282    
   7.26141500       7.58521223    
   7.44336748       7.38885164    
   7.62531996       7.19249105    
   7.80727243       6.99613047    
   7.98922491       6.79976988    
   8.17117500       6.60340929    
   8.35312462       6.40704870    
   8.53507423       6.21068811    
   8.71702385       6.01432753    
   8.89897346       5.81796694    
   9.08092308       5.62160635    
   9.26287270       5.42524576    
   9.44482231       5.22888517    
   9.62677193       5.03252459    
   9.80872154       4.83616400    
   9.99067116       4.63980341    
   10.0625753       4.44344282    
   9.88967323       4.24708223    
   9.70744324       4.05072165    
   9.52521324       3.85436225    
   9.34298325       3.65800309    
   9.16075325       3.46164393    
   8.97852325       3.26528478    
   8.79629326       3.06892562    
   8.61406326       2.87256646    
   8.43183327       2.67620730    
   8.24960327       2.47984815    
   8.06737328       2.28348899    
   7.88514519       2.08712983    
   7.70291805       1.89077020    
   7.52069092       1.69441032    
   7.33846378       1.49805045    
   7.15623665       1.30169058    
   6.97400951       1.10533071    
   6.79178238      0.908971012    
   6.60955524      0.712611496    
   6.42732811      0.516251981    
   6.24510098      0.319892287    
   6.06287384      0.123532653    
   5.88064671      -6.47656992E-02
   5.69841957       5.38147707E-03
   5.51619244      0.201186374    
   5.33396530      0.396991223    
   5.15173817      0.592796087    
   4.96951103      0.788600922    
   4.78728390      0.984405756    
   4.60505676       1.18021059    
   4.42282963       1.37601542    
   4.24060249       1.57182026    
   4.05837536       1.76762509    
   3.87614822       1.96342993    
   3.69392109       2.15923524    
   3.51169395       2.35504079    
   3.32946682       2.55084634    
   3.14723969       2.74665189    
   2.96501255       2.94245744    
   2.78278542       3.13826299    
   2.60055828       3.33406854    
   2.41833115       3.52987409    
   2.23610401       3.72567964    
   2.05387688       3.92148519    
   1.87164915       4.11729050    
   1.68942130       4.31309605    
   1.50719345       4.50890160    
   1.32496560       4.70470715    
   1.14273775       4.90051270    
  0.960510015       5.09631824    
  0.778282523       5.29212379    
  0.596055031       5.48792934    
  0.413827538       5.68373489    
  0.231600046       5.87954044    
   4.93725315E-02   6.07534599    
  -7.78152719E-02   6.27115154    
   7.01957643E-02   6.46695709    
  0.252160549       6.66276264    
  0.434125364       6.85856819    
  0.616090059       7.05437374    
  0.798054695       7.25017929    
  0.980019331       7.44598484    
   1.16198397       7.64179039    
   1.34394860       7.83759594    
   1.52591324       8.03340054    
   1.70787787       8.22920322    
   1.88984251       8.42500591    
   2.07180738       8.62080860    
   2.25377274       8.81661129    
   2.43573809       9.01241398    
   2.61770344       9.20821667    
   2.79966879       9.40401936    
   2.98163414       9.59982204    
   3.16359949       9.79562473    
   3.34556484       9.99142742    
   3.52753019       10.0665293    
   3.70949554       9.87976265    
   3.89146090       9.68358231    
   4.07342577       9.48740196    
   4.25538969       9.29122162    
   4.43735361       9.09504128    
   4.61931753       8.89886093    
   4.80128145       8.70268059    
   4.98324537       8.50650024    
   5.16520929       8.31031990    
   5.34717321       8.11413956    
   5.52913713       7.91795778    
   5.71110106       7.72177458    
   5.89306498       7.52559137    
   6.07502890       7.32940817    
   6.25699282       7.13322496    
   6.43895674       6.93704176    
   6.62092066       6.74085855    
   6.80288458       6.54467535    
   6.98484850       6.34849215    
   7.16681242       6.15230894    
   7.34877634       5.95612574    
   7.53074026       5.75994253    
   7.71270418       5.56375933    
   7.89466810       5.36757612    
   8.07663345       5.17139292    
   8.25860023       4.97520971    
   8.44056702       4.77902651    
   8.62253380       4.58284330    
   8.80450058       4.38666010    
   8.98646736       4.19047689    
   9.16843414       3.99429369    
   9.35040092       3.79811049    
   9.53236771       3.60192728    
   9.71433449       3.40574408    
   9.89630127       3.20956087    
   10.0661888       3.01337767    
   9.98418713       2.81719446    
   9.80214024       2.62101126    
   9.62009335       2.42482805    
   9.43804646       2.22864485    
   9.25599957       2.03246164    
   9.07395267       1.83627844    
   8.89190578       1.64009523    
   8.70985889       1.44391203    
   8.52781200       1.24772882    
   8.34576511       1.05154562    
   8.16371822      0.855362713    
   7.98167133      0.659179866    
   7.79962444      0.462996960    
   7.61757755      0.266813934    
   7.43553066       7.06309229E-02
   7.25348377      -8.49515796E-02
   7.07143688       5.83489947E-02
   6.88938999      0.255096436    
   6.70734310      0.451843798    
   6.52529621      0.648591280    
   6.34324932      0.845338821    
   6.16120243       1.04208636    
   5.97915554       1.23883390    
   5.79710865       1.43558145    
   5.61506176       1.63232899    
   5.43301487       1.82907653    
   5.25096798       2.02582407    
   5.06892109       2.22257090    
   4.88687420       2.41931772    
   4.70482731       2.61606455    
   4.52278042       2.81281137    
   4.34073353       3.00955820    
   4.15868664       3.20630503    
   3.97663951       3.40305185    
   3.79459119       3.59979868    
   3.61254287       3.79654551    
   3.43049455       3.99329233    
   3.24844623       4.19003916    
   3.06639791       4.38678598    
   2.88434958       4.58353281    
   2.70230126       4.78027964    
   2.52025294       4.97702646    
   2.33820462       5.17377329    
   2.15615630       5.37052011    
   1.97410798       5.56726694    
   1.79205966       5.76401377    
